 -1.5043315e+002
  1.5549229e+002
  2.0232346e+002
  4.3946556e+001
 -7.3725261e+001
 -2.0620726e+002
  1.9614286e+002
  3.0542857e+002
 -2.5840040e+002
  2.5182449e+001
 -1.2257178e+002
  3.9234046e+001
 -3.7179923e+001
 -2.8486585e+002
  2.3250000e+002
  2.9564286e+002
 -0.0000000e+000
 -0.0000000e+000
 -2.5356524e+002
  0.0000000e+000
  0.0000000e+000
 -2.5410527e+002
  2.5350000e+002
  2.9771429e+002
 -1.5043315e+002
  1.5549229e+002
  2.0232346e+002
  4.3946556e+001
 -7.3725261e+001
 -2.0620726e+002
  2.0064286e+002
  3.0578571e+002
 -2.5840040e+002
  2.5182449e+001
 -1.2257178e+002
  3.9234046e+001
 -3.7179923e+001
 -2.8486585e+002
  2.3664286e+002
  2.9335714e+002
 -0.0000000e+000
 -0.0000000e+000
 -2.5356524e+002
  0.0000000e+000
  0.0000000e+000
 -2.5410527e+002
  2.4842857e+002
  2.9435714e+002
 -1.5043315e+002
  1.5549229e+002
  2.0232346e+002
  4.3946556e+001
 -7.3725261e+001
 -2.0620726e+002
  2.1271429e+002
  3.0721429e+002
 -2.5840040e+002
  2.5182449e+001
 -1.2257178e+002
  3.9234046e+001
 -3.7179923e+001
 -2.8486585e+002
  2.3707143e+002
  2.9192857e+002
 -0.0000000e+000
 -0.0000000e+000
 -2.5356524e+002
  0.0000000e+000
  0.0000000e+000
 -2.5410527e+002
  2.4271429e+002
  2.9414286e+002
 -1.5043315e+002
  1.5549229e+002
  2.0232346e+002
  4.3946556e+001
 -7.3725261e+001
 -2.0620726e+002
  2.0921429e+002
  3.1578571e+002
 -2.5840040e+002
  2.5182449e+001
 -1.2257178e+002
  3.9234046e+001
 -3.7179923e+001
 -2.8486585e+002
  2.3842857e+002
  2.9307143e+002
 -0.0000000e+000
 -0.0000000e+000
 -2.5356524e+002
  0.0000000e+000
  0.0000000e+000
 -2.5410527e+002
  2.4692857e+002
  2.9642857e+002
 -1.5043315e+002
  1.5549229e+002
  2.0232346e+002
  4.3946556e+001
 -7.3725261e+001
 -2.0620726e+002
  1.9935714e+002
  3.2292857e+002
 -2.5840040e+002
  2.5182449e+001
 -1.2257178e+002
  3.9234046e+001
 -3.7179923e+001
 -2.8486585e+002
  2.3950000e+002
  2.9792857e+002
 -0.0000000e+000
 -0.0000000e+000
 -2.5356524e+002
  0.0000000e+000
  0.0000000e+000
 -2.5410527e+002
  2.5178571e+002
  3.0364286e+002
 -1.5043315e+002
  1.5549229e+002
  2.0232346e+002
  4.3946556e+001
 -7.3725261e+001
 -2.0620726e+002
  1.9300000e+002
  3.0914286e+002
 -2.5840040e+002
  2.5182449e+001
 -1.2257178e+002
  3.9234046e+001
 -3.7179923e+001
 -2.8486585e+002
  2.3771429e+002
  3.0450000e+002
 -0.0000000e+000
 -0.0000000e+000
 -2.5356524e+002
  0.0000000e+000
  0.0000000e+000
 -2.5410527e+002
  2.5557143e+002
  3.0757143e+002
 -1.5043315e+002
  1.5549229e+002
  2.0232346e+002
  4.3946556e+001
 -7.3725261e+001
 -2.0620726e+002
  1.8757143e+002
  2.9514286e+002
 -2.5840040e+002
  2.5182449e+001
 -1.2257178e+002
  3.9234046e+001
 -3.7179923e+001
 -2.8486585e+002
  2.3078571e+002
  3.0371429e+002
 -0.0000000e+000
 -0.0000000e+000
 -2.5356524e+002
  0.0000000e+000
  0.0000000e+000
 -2.5410527e+002
  2.5821429e+002
  3.0085714e+002
 -1.5043315e+002
  1.5549229e+002
  2.0232346e+002
  4.3946556e+001
 -7.3725261e+001
 -2.0620726e+002
  1.8221429e+002
  2.9014286e+002
 -2.5840040e+002
  2.5182449e+001
 -1.2257178e+002
  3.9234046e+001
 -3.7179923e+001
 -2.8486585e+002
  2.2985714e+002
  3.0221429e+002
 -0.0000000e+000
 -0.0000000e+000
 -2.5356524e+002
  0.0000000e+000
  0.0000000e+000
 -2.5410527e+002
  2.5700000e+002
  2.9892857e+002
 -1.5043315e+002
  1.5549229e+002
  2.0232346e+002
  4.3946556e+001
 -7.3725261e+001
 -2.0620726e+002
  1.8342857e+002
  2.8900000e+002
 -2.5840040e+002
  2.5182449e+001
 -1.2257178e+002
  3.9234046e+001
 -3.7179923e+001
 -2.8486585e+002
  2.3050000e+002
  3.0021429e+002
 -0.0000000e+000
 -0.0000000e+000
 -2.5356524e+002
  0.0000000e+000
  0.0000000e+000
 -2.5410527e+002
  2.5300000e+002
  2.9950000e+002
 -1.5043315e+002
  1.5549229e+002
  2.0232346e+002
  4.3946556e+001
 -7.3725261e+001
 -2.0620726e+002
  1.9228571e+002
  2.9271429e+002
 -2.5840040e+002
  2.5182449e+001
 -1.2257178e+002
  3.9234046e+001
 -3.7179923e+001
 -2.8486585e+002
  2.2742857e+002
  2.9614286e+002
 -0.0000000e+000
 -0.0000000e+000
 -2.5356524e+002
  0.0000000e+000
  0.0000000e+000
 -2.5410527e+002
  2.4771429e+002
  3.0171429e+002
 -1.5043315e+002
  1.5549229e+002
  2.0232346e+002
  4.3946556e+001
 -7.3725261e+001
 -2.0620726e+002
  2.0371429e+002
  3.0042857e+002
 -2.5840040e+002
  2.5182449e+001
 -1.2257178e+002
  3.9234046e+001
 -3.7179923e+001
 -2.8486585e+002
  2.3464286e+002
  2.9307143e+002
 -0.0000000e+000
 -0.0000000e+000
 -2.5356524e+002
  0.0000000e+000
  0.0000000e+000
 -2.5410527e+002
  2.4242857e+002
  3.0392857e+002
 -1.5043315e+002
  1.5549229e+002
  2.0232346e+002
  4.3946556e+001
 -7.3725261e+001
 -2.0620726e+002
  2.1192857e+002
  3.0700000e+002
 -2.5840040e+002
  2.5182449e+001
 -1.2257178e+002
  3.9234046e+001
 -3.7179923e+001
 -2.8486585e+002
  2.4364286e+002
  2.9128571e+002
 -0.0000000e+000
 -0.0000000e+000
 -2.5356524e+002
  0.0000000e+000
  0.0000000e+000
 -2.5410527e+002
  2.3828571e+002
  3.0242857e+002
 -1.5043315e+002
  1.5549229e+002
  2.0232346e+002
  4.3946556e+001
 -7.3725261e+001
 -2.0620726e+002
  2.2057143e+002
  3.1078571e+002
 -2.5840040e+002
  2.5182449e+001
 -1.2257178e+002
  3.9234046e+001
 -3.7179923e+001
 -2.8486585e+002
  2.5142857e+002
  2.9100000e+002
 -0.0000000e+000
 -0.0000000e+000
 -2.5356524e+002
  0.0000000e+000
  0.0000000e+000
 -2.5410527e+002
  2.3050000e+002
  3.0221429e+002
 -1.5043315e+002
  1.5549229e+002
  2.0232346e+002
  4.3946556e+001
 -7.3725261e+001
 -2.0620726e+002
  2.2800000e+002
  3.1457143e+002
 -2.5840040e+002
  2.5182449e+001
 -1.2257178e+002
  3.9234046e+001
 -3.7179923e+001
 -2.8486585e+002
  2.4907143e+002
  2.9164286e+002
 -0.0000000e+000
 -0.0000000e+000
 -2.5356524e+002
  0.0000000e+000
  0.0000000e+000
 -2.5410527e+002
  2.3521429e+002
  3.0114286e+002
 -1.5043315e+002
  1.5549229e+002
  2.0232346e+002
  4.3946556e+001
 -7.3725261e+001
 -2.0620726e+002
  2.1764286e+002
  3.1235714e+002
 -2.5840040e+002
  2.5182449e+001
 -1.2257178e+002
  3.9234046e+001
 -3.7179923e+001
 -2.8486585e+002
  2.4728571e+002
  2.9314286e+002
 -0.0000000e+000
 -0.0000000e+000
 -2.5356524e+002
  0.0000000e+000
  0.0000000e+000
 -2.5410527e+002
  2.4378571e+002
  2.9885714e+002
 -1.5043315e+002
  1.5549229e+002
  2.0232346e+002
  4.3946556e+001
 -7.3725261e+001
 -2.0620726e+002
  2.1100000e+002
  3.1178571e+002
 -2.5840040e+002
  2.5182449e+001
 -1.2257178e+002
  3.9234046e+001
 -3.7179923e+001
 -2.8486585e+002
  2.4614286e+002
  2.9428571e+002
 -0.0000000e+000
 -0.0000000e+000
 -2.5356524e+002
  0.0000000e+000
  0.0000000e+000
 -2.5410527e+002
  2.4371429e+002
  3.0150000e+002
 -1.5043315e+002
  1.5549229e+002
  2.0232346e+002
  4.3946556e+001
 -7.3725261e+001
 -2.0620726e+002
  2.1114286e+002
  3.1042857e+002
 -2.5840040e+002
  2.5182449e+001
 -1.2257178e+002
  3.9234046e+001
 -3.7179923e+001
 -2.8486585e+002
  2.4242857e+002
  2.9600000e+002
 -0.0000000e+000
 -0.0000000e+000
 -2.5356524e+002
  0.0000000e+000
  0.0000000e+000
 -2.5410527e+002
  2.4400000e+002
  3.0478571e+002
 -1.5043315e+002
  1.5549229e+002
  2.0232346e+002
  4.3946556e+001
 -7.3725261e+001
 -2.0620726e+002
  2.1685714e+002
  3.0621429e+002
 -2.5840040e+002
  2.5182449e+001
 -1.2257178e+002
  3.9234046e+001
 -3.7179923e+001
 -2.8486585e+002
  2.3685714e+002
  2.9571429e+002
 -0.0000000e+000
 -0.0000000e+000
 -2.5356524e+002
  0.0000000e+000
  0.0000000e+000
 -2.5410527e+002
  2.4857143e+002
  3.0550000e+002
 -1.5043315e+002
  1.5549229e+002
  2.0232346e+002
  4.3946556e+001
 -7.3725261e+001
 -2.0620726e+002
  2.2542857e+002
  3.0178571e+002
 -2.5840040e+002
  2.5182449e+001
 -1.2257178e+002
  3.9234046e+001
 -3.7179923e+001
 -2.8486585e+002
  2.3264286e+002
  2.9692857e+002
 -0.0000000e+000
 -0.0000000e+000
 -2.5356524e+002
  0.0000000e+000
  0.0000000e+000
 -2.5410527e+002
  2.4914286e+002
  3.0400000e+002
 -1.5043315e+002
  1.5549229e+002
  2.0232346e+002
  4.3946556e+001
 -7.3725261e+001
 -2.0620726e+002
  2.3500000e+002
  3.0307143e+002
 -2.5840040e+002
  2.5182449e+001
 -1.2257178e+002
  3.9234046e+001
 -3.7179923e+001
 -2.8486585e+002
  2.2900000e+002
  2.9792857e+002
 -0.0000000e+000
 -0.0000000e+000
 -2.5356524e+002
  0.0000000e+000
  0.0000000e+000
 -2.5410527e+002
  2.4207143e+002
  3.0385714e+002
 -1.5043315e+002
  1.5549229e+002
  2.0232346e+002
  4.3946556e+001
 -7.3725261e+001
 -2.0620726e+002
  2.3785714e+002
  3.0700000e+002
 -2.5840040e+002
  2.5182449e+001
 -1.2257178e+002
  3.9234046e+001
 -3.7179923e+001
 -2.8486585e+002
  2.3264286e+002
  2.9792857e+002
 -0.0000000e+000
 -0.0000000e+000
 -2.5356524e+002
  0.0000000e+000
  0.0000000e+000
 -2.5410527e+002
  2.3271429e+002
  3.0164286e+002
 -1.5043315e+002
  1.5549229e+002
  2.0232346e+002
  4.3946556e+001
 -7.3725261e+001
 -2.0620726e+002
  2.3892857e+002
  3.0628571e+002
 -2.5840040e+002
  2.5182449e+001
 -1.2257178e+002
  3.9234046e+001
 -3.7179923e+001
 -2.8486585e+002
  2.3942857e+002
  2.9857143e+002
 -0.0000000e+000
 -0.0000000e+000
 -2.5356524e+002
  0.0000000e+000
  0.0000000e+000
 -2.5410527e+002
  2.2785714e+002
  2.9814286e+002
 -1.5043315e+002
  1.5549229e+002
  2.0232346e+002
  4.3946556e+001
 -7.3725261e+001
 -2.0620726e+002
  2.3171429e+002
  3.0385714e+002
 -2.5840040e+002
  2.5182449e+001
 -1.2257178e+002
  3.9234046e+001
 -3.7179923e+001
 -2.8486585e+002
  2.4771429e+002
  2.9671429e+002
 -0.0000000e+000
 -0.0000000e+000
 -2.5356524e+002
  0.0000000e+000
  0.0000000e+000
 -2.5410527e+002
  2.3100000e+002
  2.9507143e+002
 -1.5043315e+002
  1.5549229e+002
  2.0232346e+002
  4.3946556e+001
 -7.3725261e+001
 -2.0620726e+002
  2.2978571e+002
  3.0085714e+002
 -2.5840040e+002
  2.5182449e+001
 -1.2257178e+002
  3.9234046e+001
 -3.7179923e+001
 -2.8486585e+002
  2.5385714e+002
  2.9514286e+002
 -0.0000000e+000
 -0.0000000e+000
 -2.5356524e+002
  0.0000000e+000
  0.0000000e+000
 -2.5410527e+002
  2.3500000e+002
  2.9164286e+002
 -1.5043315e+002
  1.5549229e+002
  2.0232346e+002
  4.3946556e+001
 -7.3725261e+001
 -2.0620726e+002
  2.2850000e+002
  2.9778571e+002
 -2.5840040e+002
  2.5182449e+001
 -1.2257178e+002
  3.9234046e+001
 -3.7179923e+001
 -2.8486585e+002
  2.5935714e+002
  2.9385714e+002
 -0.0000000e+000
 -0.0000000e+000
 -2.5356524e+002
  0.0000000e+000
  0.0000000e+000
 -2.5410527e+002
  2.3778571e+002
  2.9150000e+002
 -1.5043315e+002
  1.5549229e+002
  2.0232346e+002
  4.3946556e+001
 -7.3725261e+001
 -2.0620726e+002
  2.2864286e+002
  2.9607143e+002
 -2.5840040e+002
  2.5182449e+001
 -1.2257178e+002
  3.9234046e+001
 -3.7179923e+001
 -2.8486585e+002
  2.6292857e+002
  2.9192857e+002
 -0.0000000e+000
 -0.0000000e+000
 -2.5356524e+002
  0.0000000e+000
  0.0000000e+000
 -2.5410527e+002
  2.4057143e+002
  2.9171429e+002
 -1.5043315e+002
  1.5549229e+002
  2.0232346e+002
  4.3946556e+001
 -7.3725261e+001
 -2.0620726e+002
  2.3542857e+002
  2.9407143e+002
 -2.5840040e+002
  2.5182449e+001
 -1.2257178e+002
  3.9234046e+001
 -3.7179923e+001
 -2.8486585e+002
  2.6721429e+002
  2.9314286e+002
 -0.0000000e+000
 -0.0000000e+000
 -2.5356524e+002
  0.0000000e+000
  0.0000000e+000
 -2.5410527e+002
  2.4021429e+002
  2.9378571e+002
 -1.5043315e+002
  1.5549229e+002
  2.0232346e+002
  4.3946556e+001
 -7.3725261e+001
 -2.0620726e+002
  2.4257143e+002
  2.9464286e+002
 -2.5840040e+002
  2.5182449e+001
 -1.2257178e+002
  3.9234046e+001
 -3.7179923e+001
 -2.8486585e+002
  2.7285714e+002
  2.9478571e+002
 -0.0000000e+000
 -0.0000000e+000
 -2.5356524e+002
  0.0000000e+000
  0.0000000e+000
 -2.5410527e+002
  2.3685714e+002
  2.9757143e+002
 -1.5043315e+002
  1.5549229e+002
  2.0232346e+002
  4.3946556e+001
 -7.3725261e+001
 -2.0620726e+002
  2.4178571e+002
  2.9692857e+002
 -2.5840040e+002
  2.5182449e+001
 -1.2257178e+002
  3.9234046e+001
 -3.7179923e+001
 -2.8486585e+002
  2.7428571e+002
  2.9857143e+002
 -0.0000000e+000
 -0.0000000e+000
 -2.5356524e+002
  0.0000000e+000
  0.0000000e+000
 -2.5410527e+002
  2.3921429e+002
  2.9985714e+002
 -1.5043315e+002
  1.5549229e+002
  2.0232346e+002
  4.3946556e+001
 -7.3725261e+001
 -2.0620726e+002
  2.3542857e+002
  2.9778571e+002
 -2.5840040e+002
  2.5182449e+001
 -1.2257178e+002
  3.9234046e+001
 -3.7179923e+001
 -2.8486585e+002
  2.6785714e+002
  2.9892857e+002
 -0.0000000e+000
 -0.0000000e+000
 -2.5356524e+002
  0.0000000e+000
  0.0000000e+000
 -2.5410527e+002
  2.4300000e+002
  3.0214286e+002
 -1.5043315e+002
  1.5549229e+002
  2.0232346e+002
  4.3946556e+001
 -7.3725261e+001
 -2.0620726e+002
  2.2635714e+002
  2.9578571e+002
 -2.5840040e+002
  2.5182449e+001
 -1.2257178e+002
  3.9234046e+001
 -3.7179923e+001
 -2.8486585e+002
  2.5514286e+002
  2.9728571e+002
 -0.0000000e+000
 -0.0000000e+000
 -2.5356524e+002
  0.0000000e+000
  0.0000000e+000
 -2.5410527e+002
  2.4307143e+002
  3.0242857e+002
 -1.5043315e+002
  1.5549229e+002
  2.0232346e+002
  4.3946556e+001
 -7.3725261e+001
 -2.0620726e+002
  2.1542857e+002
  2.9571429e+002
 -2.5840040e+002
  2.5182449e+001
 -1.2257178e+002
  3.9234046e+001
 -3.7179923e+001
 -2.8486585e+002
  2.4392857e+002
  2.9692857e+002
 -0.0000000e+000
 -0.0000000e+000
 -2.5356524e+002
  0.0000000e+000
  0.0000000e+000
 -2.5410527e+002
  2.4192857e+002
  3.0171429e+002
 -1.5043315e+002
  1.5549229e+002
  2.0232346e+002
  4.3946556e+001
 -7.3725261e+001
 -2.0620726e+002
  2.1428571e+002
  2.9564286e+002
 -2.5840040e+002
  2.5182449e+001
 -1.2257178e+002
  3.9234046e+001
 -3.7179923e+001
 -2.8486585e+002
  2.3764286e+002
  2.9757143e+002
 -0.0000000e+000
 -0.0000000e+000
 -2.5356524e+002
  0.0000000e+000
  0.0000000e+000
 -2.5410527e+002
  2.4421429e+002
  2.9864286e+002
 -1.5043315e+002
  1.5549229e+002
  2.0232346e+002
  4.3946556e+001
 -7.3725261e+001
 -2.0620726e+002
  2.1942857e+002
  2.9471429e+002
 -2.5840040e+002
  2.5182449e+001
 -1.2257178e+002
  3.9234046e+001
 -3.7179923e+001
 -2.8486585e+002
  2.3771429e+002
  3.0028571e+002
 -0.0000000e+000
 -0.0000000e+000
 -2.5356524e+002
  0.0000000e+000
  0.0000000e+000
 -2.5410527e+002
  2.4950000e+002
  2.9628571e+002
 -1.5043315e+002
  1.5549229e+002
  2.0232346e+002
  4.3946556e+001
 -7.3725261e+001
 -2.0620726e+002
  2.2607143e+002
  2.9478571e+002
 -2.5840040e+002
  2.5182449e+001
 -1.2257178e+002
  3.9234046e+001
 -3.7179923e+001
 -2.8486585e+002
  2.4385714e+002
  3.0221429e+002
 -0.0000000e+000
 -0.0000000e+000
 -2.5356524e+002
  0.0000000e+000
  0.0000000e+000
 -2.5410527e+002
  2.5364286e+002
  2.9700000e+002
 -1.5043315e+002
  1.5549229e+002
  2.0232346e+002
  4.3946556e+001
 -7.3725261e+001
 -2.0620726e+002
  2.3157143e+002
  2.9607143e+002
 -2.5840040e+002
  2.5182449e+001
 -1.2257178e+002
  3.9234046e+001
 -3.7179923e+001
 -2.8486585e+002
  2.4300000e+002
  3.0350000e+002
 -0.0000000e+000
 -0.0000000e+000
 -2.5356524e+002
  0.0000000e+000
  0.0000000e+000
 -2.5410527e+002
  2.5664286e+002
  2.9971429e+002
 -1.5043315e+002
  1.5549229e+002
  2.0232346e+002
  4.3946556e+001
 -7.3725261e+001
 -2.0620726e+002
  2.3507143e+002
  2.9892857e+002
 -2.5840040e+002
  2.5182449e+001
 -1.2257178e+002
  3.9234046e+001
 -3.7179923e+001
 -2.8486585e+002
  2.4078571e+002
  3.0514286e+002
 -0.0000000e+000
 -0.0000000e+000
 -2.5356524e+002
  0.0000000e+000
  0.0000000e+000
 -2.5410527e+002
  2.5307143e+002
  3.0392857e+002
 -1.5043315e+002
  1.5549229e+002
  2.0232346e+002
  4.3946556e+001
 -7.3725261e+001
 -2.0620726e+002
  2.3828571e+002
  3.0350000e+002
 -2.5840040e+002
  2.5182449e+001
 -1.2257178e+002
  3.9234046e+001
 -3.7179923e+001
 -2.8486585e+002
  2.3728571e+002
  3.0307143e+002
 -0.0000000e+000
 -0.0000000e+000
 -2.5356524e+002
  0.0000000e+000
  0.0000000e+000
 -2.5410527e+002
  2.4978571e+002
  3.0600000e+002
 -1.5043315e+002
  1.5549229e+002
  2.0232346e+002
  4.3946556e+001
 -7.3725261e+001
 -2.0620726e+002
  2.4192857e+002
  3.0821429e+002
 -2.5840040e+002
  2.5182449e+001
 -1.2257178e+002
  3.9234046e+001
 -3.7179923e+001
 -2.8486585e+002
  2.3800000e+002
  3.0085714e+002
 -0.0000000e+000
 -0.0000000e+000
 -2.5356524e+002
  0.0000000e+000
  0.0000000e+000
 -2.5410527e+002
  2.4514286e+002
  3.0864286e+002
 -1.5043315e+002
  1.5549229e+002
  2.0232346e+002
  4.3946556e+001
 -7.3725261e+001
 -2.0620726e+002
  2.4214286e+002
  3.1214286e+002
 -2.5840040e+002
  2.5182449e+001
 -1.2257178e+002
  3.9234046e+001
 -3.7179923e+001
 -2.8486585e+002
  2.4957143e+002
  3.0628571e+002
 -0.0000000e+000
 -0.0000000e+000
 -2.5356524e+002
  0.0000000e+000
  0.0000000e+000
 -2.5410527e+002
  2.4200000e+002
  3.0985714e+002
 -1.5043315e+002
  1.5549229e+002
  2.0232346e+002
  4.3946556e+001
 -7.3725261e+001
 -2.0620726e+002
  2.4171429e+002
  3.1321429e+002
 -2.5840040e+002
  2.5182449e+001
 -1.2257178e+002
  3.9234046e+001
 -3.7179923e+001
 -2.8486585e+002
  2.5835714e+002
  3.1314286e+002
 -0.0000000e+000
 -0.0000000e+000
 -2.5356524e+002
  0.0000000e+000
  0.0000000e+000
 -2.5410527e+002
  2.4192857e+002
  3.1028571e+002
 -1.5043315e+002
  1.5549229e+002
  2.0232346e+002
  4.3946556e+001
 -7.3725261e+001
 -2.0620726e+002
  2.3828571e+002
  3.0928571e+002
 -2.5840040e+002
  2.5182449e+001
 -1.2257178e+002
  3.9234046e+001
 -3.7179923e+001
 -2.8486585e+002
  2.6207143e+002
  3.1342857e+002
 -0.0000000e+000
 -0.0000000e+000
 -2.5356524e+002
  0.0000000e+000
  0.0000000e+000
 -2.5410527e+002
  2.4221429e+002
  3.1042857e+002
 -1.5043315e+002
  1.5549229e+002
  2.0232346e+002
  4.3946556e+001
 -7.3725261e+001
 -2.0620726e+002
  2.3314286e+002
  3.0578571e+002
 -2.5840040e+002
  2.5182449e+001
 -1.2257178e+002
  3.9234046e+001
 -3.7179923e+001
 -2.8486585e+002
  2.6757143e+002
  3.1007143e+002
 -0.0000000e+000
 -0.0000000e+000
 -2.5356524e+002
  0.0000000e+000
  0.0000000e+000
 -2.5410527e+002
  2.3835714e+002
  3.1085714e+002
 -1.5043315e+002
  1.5549229e+002
  2.0232346e+002
  4.3946556e+001
 -7.3725261e+001
 -2.0620726e+002
  2.3092857e+002
  3.0078571e+002
 -2.5840040e+002
  2.5182449e+001
 -1.2257178e+002
  3.9234046e+001
 -3.7179923e+001
 -2.8486585e+002
  2.7257143e+002
  3.0700000e+002
 -0.0000000e+000
 -0.0000000e+000
 -2.5356524e+002
  0.0000000e+000
  0.0000000e+000
 -2.5410527e+002
  2.3257143e+002
  3.1135714e+002
 -1.5043315e+002
  1.5549229e+002
  2.0232346e+002
  4.3946556e+001
 -7.3725261e+001
 -2.0620726e+002
  2.3385714e+002
  2.9571429e+002
 -2.5840040e+002
  2.5182449e+001
 -1.2257178e+002
  3.9234046e+001
 -3.7179923e+001
 -2.8486585e+002
  2.7300000e+002
  3.0535714e+002
 -0.0000000e+000
 -0.0000000e+000
 -2.5356524e+002
  0.0000000e+000
  0.0000000e+000
 -2.5410527e+002
  2.2857143e+002
  3.1092857e+002
 -1.5043315e+002
  1.5549229e+002
  2.0232346e+002
  4.3946556e+001
 -7.3725261e+001
 -2.0620726e+002
  2.4071429e+002
  2.9235714e+002
 -2.5840040e+002
  2.5182449e+001
 -1.2257178e+002
  3.9234046e+001
 -3.7179923e+001
 -2.8486585e+002
  2.6914286e+002
  3.0714286e+002
 -0.0000000e+000
 -0.0000000e+000
 -2.5356524e+002
  0.0000000e+000
  0.0000000e+000
 -2.5410527e+002
  2.2785714e+002
  3.0892857e+002
 -1.5043315e+002
  1.5549229e+002
  2.0232346e+002
  4.3946556e+001
 -7.3725261e+001
 -2.0620726e+002
  2.4292857e+002
  2.9250000e+002
 -2.5840040e+002
  2.5182449e+001
 -1.2257178e+002
  3.9234046e+001
 -3.7179923e+001
 -2.8486585e+002
  2.6428571e+002
  3.0464286e+002
 -0.0000000e+000
 -0.0000000e+000
 -2.5356524e+002
  0.0000000e+000
  0.0000000e+000
 -2.5410527e+002
  2.2992857e+002
  3.0385714e+002
 -1.5043315e+002
  1.5549229e+002
  2.0232346e+002
  4.3946556e+001
 -7.3725261e+001
 -2.0620726e+002
  2.4564286e+002
  2.9407143e+002
 -2.5840040e+002
  2.5182449e+001
 -1.2257178e+002
  3.9234046e+001
 -3.7179923e+001
 -2.8486585e+002
  2.5778571e+002
  2.9842857e+002
 -0.0000000e+000
 -0.0000000e+000
 -2.5356524e+002
  0.0000000e+000
  0.0000000e+000
 -2.5410527e+002
  2.3521429e+002
  3.0042857e+002
 -1.5043315e+002
  1.5549229e+002
  2.0232346e+002
  4.3946556e+001
 -7.3725261e+001
 -2.0620726e+002
  2.4692857e+002
  2.9664286e+002
 -2.5840040e+002
  2.5182449e+001
 -1.2257178e+002
  3.9234046e+001
 -3.7179923e+001
 -2.8486585e+002
  2.5414286e+002
  2.9592857e+002
 -0.0000000e+000
 -0.0000000e+000
 -2.5356524e+002
  0.0000000e+000
  0.0000000e+000
 -2.5410527e+002
  2.4071429e+002
  2.9835714e+002
 -1.5043315e+002
  1.5549229e+002
  2.0232346e+002
  4.3946556e+001
 -7.3725261e+001
 -2.0620726e+002
  2.4657143e+002
  2.9921429e+002
 -2.5840040e+002
  2.5182449e+001
 -1.2257178e+002
  3.9234046e+001
 -3.7179923e+001
 -2.8486585e+002
  2.5135714e+002
  2.9457143e+002
 -0.0000000e+000
 -0.0000000e+000
 -2.5356524e+002
  0.0000000e+000
  0.0000000e+000
 -2.5410527e+002
  2.3971429e+002
  2.9935714e+002
 -1.5043315e+002
  1.5549229e+002
  2.0232346e+002
  4.3946556e+001
 -7.3725261e+001
 -2.0620726e+002
  2.4478571e+002
  2.9992857e+002
 -2.5840040e+002
  2.5182449e+001
 -1.2257178e+002
  3.9234046e+001
 -3.7179923e+001
 -2.8486585e+002
  2.5042857e+002
  2.9621429e+002
 -0.0000000e+000
 -0.0000000e+000
 -2.5356524e+002
  0.0000000e+000
  0.0000000e+000
 -2.5410527e+002
  2.3535714e+002
  3.0064286e+002
 -1.5043315e+002
  1.5549229e+002
  2.0232346e+002
  4.3946556e+001
 -7.3725261e+001
 -2.0620726e+002
  2.4300000e+002
  2.9921429e+002
 -2.5840040e+002
  2.5182449e+001
 -1.2257178e+002
  3.9234046e+001
 -3.7179923e+001
 -2.8486585e+002
  2.5085714e+002
  2.9685714e+002
 -0.0000000e+000
 -0.0000000e+000
 -2.5356524e+002
  0.0000000e+000
  0.0000000e+000
 -2.5410527e+002
  2.3950000e+002
  3.0214286e+002
 -1.5043315e+002
  1.5549229e+002
  2.0232346e+002
  4.3946556e+001
 -7.3725261e+001
 -2.0620726e+002
  2.3914286e+002
  3.0078571e+002
 -2.5840040e+002
  2.5182449e+001
 -1.2257178e+002
  3.9234046e+001
 -3.7179923e+001
 -2.8486585e+002
  2.5250000e+002
  2.9728571e+002
 -0.0000000e+000
 -0.0000000e+000
 -2.5356524e+002
  0.0000000e+000
  0.0000000e+000
 -2.5410527e+002
  2.4885714e+002
  3.0378571e+002
 -1.5043315e+002
  1.5549229e+002
  2.0232346e+002
  4.3946556e+001
 -7.3725261e+001
 -2.0620726e+002
  2.3457143e+002
  2.9864286e+002
 -2.5840040e+002
  2.5182449e+001
 -1.2257178e+002
  3.9234046e+001
 -3.7179923e+001
 -2.8486585e+002
  2.5307143e+002
  2.9721429e+002
 -0.0000000e+000
 -0.0000000e+000
 -2.5356524e+002
  0.0000000e+000
  0.0000000e+000
 -2.5410527e+002
  2.5814286e+002
  3.0492857e+002
 -1.5043315e+002
  1.5549229e+002
  2.0232346e+002
  4.3946556e+001
 -7.3725261e+001
 -2.0620726e+002
  2.2442857e+002
  3.0042857e+002
 -2.5840040e+002
  2.5182449e+001
 -1.2257178e+002
  3.9234046e+001
 -3.7179923e+001
 -2.8486585e+002
  2.5228571e+002
  3.0071429e+002
 -0.0000000e+000
 -0.0000000e+000
 -2.5356524e+002
  0.0000000e+000
  0.0000000e+000
 -2.5410527e+002
  2.5657143e+002
  3.0571429e+002
 -1.5043315e+002
  1.5549229e+002
  2.0232346e+002
  4.3946556e+001
 -7.3725261e+001
 -2.0620726e+002
  2.1928571e+002
  3.0171429e+002
 -2.5840040e+002
  2.5182449e+001
 -1.2257178e+002
  3.9234046e+001
 -3.7179923e+001
 -2.8486585e+002
  2.4914286e+002
  3.0478571e+002
 -0.0000000e+000
 -0.0000000e+000
 -2.5356524e+002
  0.0000000e+000
  0.0000000e+000
 -2.5410527e+002
  2.4892857e+002
  3.1057143e+002
 -1.5043315e+002
  1.5549229e+002
  2.0232346e+002
  4.3946556e+001
 -7.3725261e+001
 -2.0620726e+002
  2.2200000e+002
  3.0242857e+002
 -2.5840040e+002
  2.5182449e+001
 -1.2257178e+002
  3.9234046e+001
 -3.7179923e+001
 -2.8486585e+002
  2.4571429e+002
  3.0735714e+002
 -0.0000000e+000
 -0.0000000e+000
 -2.5356524e+002
  0.0000000e+000
  0.0000000e+000
 -2.5410527e+002
  2.3985714e+002
  3.1407143e+002
 -1.5043315e+002
  1.5549229e+002
  2.0232346e+002
  4.3946556e+001
 -7.3725261e+001
 -2.0620726e+002
  2.2928571e+002
  3.0192857e+002
 -2.5840040e+002
  2.5182449e+001
 -1.2257178e+002
  3.9234046e+001
 -3.7179923e+001
 -2.8486585e+002
  2.4442857e+002
  3.0621429e+002
 -0.0000000e+000
 -0.0000000e+000
 -2.5356524e+002
  0.0000000e+000
  0.0000000e+000
 -2.5410527e+002
  2.2978571e+002
  3.1407143e+002
 -1.5043315e+002
  1.5549229e+002
  2.0232346e+002
  4.3946556e+001
 -7.3725261e+001
 -2.0620726e+002
  2.3628571e+002
  3.0028571e+002
 -2.5840040e+002
  2.5182449e+001
 -1.2257178e+002
  3.9234046e+001
 -3.7179923e+001
 -2.8486585e+002
  2.4378571e+002
  3.0257143e+002
 -0.0000000e+000
 -0.0000000e+000
 -2.5356524e+002
  0.0000000e+000
  0.0000000e+000
 -2.5410527e+002
  2.2014286e+002
  3.1135714e+002
 -1.5043315e+002
  1.5549229e+002
  2.0232346e+002
  4.3946556e+001
 -7.3725261e+001
 -2.0620726e+002
  2.4500000e+002
  2.9871429e+002
 -2.5840040e+002
  2.5182449e+001
 -1.2257178e+002
  3.9234046e+001
 -3.7179923e+001
 -2.8486585e+002
  2.4164286e+002
  2.9771429e+002
 -0.0000000e+000
 -0.0000000e+000
 -2.5356524e+002
  0.0000000e+000
  0.0000000e+000
 -2.5410527e+002
  2.1542857e+002
  3.0807143e+002
 -1.5043315e+002
  1.5549229e+002
  2.0232346e+002
  4.3946556e+001
 -7.3725261e+001
 -2.0620726e+002
  2.4878571e+002
  2.9821429e+002
 -2.5840040e+002
  2.5182449e+001
 -1.2257178e+002
  3.9234046e+001
 -3.7179923e+001
 -2.8486585e+002
  2.4078571e+002
  2.9400000e+002
 -0.0000000e+000
 -0.0000000e+000
 -2.5356524e+002
  0.0000000e+000
  0.0000000e+000
 -2.5410527e+002
  2.2085714e+002
  3.0500000e+002
 -1.5043315e+002
  1.5549229e+002
  2.0232346e+002
  4.3946556e+001
 -7.3725261e+001
 -2.0620726e+002
  2.4407143e+002
  3.0085714e+002
 -2.5840040e+002
  2.5182449e+001
 -1.2257178e+002
  3.9234046e+001
 -3.7179923e+001
 -2.8486585e+002
  2.4235714e+002
  2.9385714e+002
 -0.0000000e+000
 -0.0000000e+000
 -2.5356524e+002
  0.0000000e+000
  0.0000000e+000
 -2.5410527e+002
  2.2864286e+002
  3.0150000e+002
 -1.5043315e+002
  1.5549229e+002
  2.0232346e+002
  4.3946556e+001
 -7.3725261e+001
 -2.0620726e+002
  2.3985714e+002
  3.0471429e+002
 -2.5840040e+002
  2.5182449e+001
 -1.2257178e+002
  3.9234046e+001
 -3.7179923e+001
 -2.8486585e+002
  2.4450000e+002
  2.9535714e+002
 -0.0000000e+000
 -0.0000000e+000
 -2.5356524e+002
  0.0000000e+000
  0.0000000e+000
 -2.5410527e+002
  2.3821429e+002
  2.9942857e+002
 -1.5043315e+002
  1.5549229e+002
  2.0232346e+002
  4.3946556e+001
 -7.3725261e+001
 -2.0620726e+002
  2.3864286e+002
  3.0642857e+002
 -2.5840040e+002
  2.5182449e+001
 -1.2257178e+002
  3.9234046e+001
 -3.7179923e+001
 -2.8486585e+002
  2.4485714e+002
  2.9800000e+002
 -0.0000000e+000
 -0.0000000e+000
 -2.5356524e+002
  0.0000000e+000
  0.0000000e+000
 -2.5410527e+002
  2.3728571e+002
  2.9785714e+002
 -1.5043315e+002
  1.5549229e+002
  2.0232346e+002
  4.3946556e+001
 -7.3725261e+001
 -2.0620726e+002
  2.3792857e+002
  3.0707143e+002
 -2.5840040e+002
  2.5182449e+001
 -1.2257178e+002
  3.9234046e+001
 -3.7179923e+001
 -2.8486585e+002
  2.4521429e+002
  3.0114286e+002
 -0.0000000e+000
 -0.0000000e+000
 -2.5356524e+002
  0.0000000e+000
  0.0000000e+000
 -2.5410527e+002
  2.3621429e+002
  2.9757143e+002
 -1.5043315e+002
  1.5549229e+002
  2.0232346e+002
  4.3946556e+001
 -7.3725261e+001
 -2.0620726e+002
  2.3571429e+002
  3.0885714e+002
 -2.5840040e+002
  2.5182449e+001
 -1.2257178e+002
  3.9234046e+001
 -3.7179923e+001
 -2.8486585e+002
  2.4557143e+002
  3.0578571e+002
 -0.0000000e+000
 -0.0000000e+000
 -2.5356524e+002
  0.0000000e+000
  0.0000000e+000
 -2.5410527e+002
  2.3528571e+002
  2.9928571e+002
 -1.5043315e+002
  1.5549229e+002
  2.0232346e+002
  4.3946556e+001
 -7.3725261e+001
 -2.0620726e+002
  2.2128571e+002
  3.1142857e+002
 -2.5840040e+002
  2.5182449e+001
 -1.2257178e+002
  3.9234046e+001
 -3.7179923e+001
 -2.8486585e+002
  2.4614286e+002
  3.0614286e+002
 -0.0000000e+000
 -0.0000000e+000
 -2.5356524e+002
  0.0000000e+000
  0.0000000e+000
 -2.5410527e+002
  2.3528571e+002
  3.0235714e+002
 -1.5043315e+002
  1.5549229e+002
  2.0232346e+002
  4.3946556e+001
 -7.3725261e+001
 -2.0620726e+002
  2.1514286e+002
  3.1492857e+002
 -2.5840040e+002
  2.5182449e+001
 -1.2257178e+002
  3.9234046e+001
 -3.7179923e+001
 -2.8486585e+002
  2.4728571e+002
  2.9928571e+002
 -0.0000000e+000
 -0.0000000e+000
 -2.5356524e+002
  0.0000000e+000
  0.0000000e+000
 -2.5410527e+002
  2.3078571e+002
  3.0764286e+002
 -1.5043315e+002
  1.5549229e+002
  2.0232346e+002
  4.3946556e+001
 -7.3725261e+001
 -2.0620726e+002
  2.1114286e+002
  3.1971429e+002
 -2.5840040e+002
  2.5182449e+001
 -1.2257178e+002
  3.9234046e+001
 -3.7179923e+001
 -2.8486585e+002
  2.4628571e+002
  2.9550000e+002
 -0.0000000e+000
 -0.0000000e+000
 -2.5356524e+002
  0.0000000e+000
  0.0000000e+000
 -2.5410527e+002
  2.3007143e+002
  3.0850000e+002
 -1.5043315e+002
  1.5549229e+002
  2.0232346e+002
  4.3946556e+001
 -7.3725261e+001
 -2.0620726e+002
  2.1785714e+002
  3.1350000e+002
 -2.5840040e+002
  2.5182449e+001
 -1.2257178e+002
  3.9234046e+001
 -3.7179923e+001
 -2.8486585e+002
  2.4350000e+002
  2.9257143e+002
 -0.0000000e+000
 -0.0000000e+000
 -2.5356524e+002
  0.0000000e+000
  0.0000000e+000
 -2.5410527e+002
  2.3121429e+002
  3.0735714e+002
 -1.5043315e+002
  1.5549229e+002
  2.0232346e+002
  4.3946556e+001
 -7.3725261e+001
 -2.0620726e+002
  2.2678571e+002
  3.1114286e+002
 -2.5840040e+002
  2.5182449e+001
 -1.2257178e+002
  3.9234046e+001
 -3.7179923e+001
 -2.8486585e+002
  2.4035714e+002
  2.9150000e+002
 -0.0000000e+000
 -0.0000000e+000
 -2.5356524e+002
  0.0000000e+000
  0.0000000e+000
 -2.5410527e+002
  2.3192857e+002
  3.0528571e+002
 -1.5043315e+002
  1.5549229e+002
  2.0232346e+002
  4.3946556e+001
 -7.3725261e+001
 -2.0620726e+002
  2.3521429e+002
  3.1135714e+002
 -2.5840040e+002
  2.5182449e+001
 -1.2257178e+002
  3.9234046e+001
 -3.7179923e+001
 -2.8486585e+002
  2.3700000e+002
  2.9178571e+002
 -0.0000000e+000
 -0.0000000e+000
 -2.5356524e+002
  0.0000000e+000
  0.0000000e+000
 -2.5410527e+002
  2.3292857e+002
  3.0235714e+002
 -1.5043315e+002
  1.5549229e+002
  2.0232346e+002
  4.3946556e+001
 -7.3725261e+001
 -2.0620726e+002
  2.3657143e+002
  3.1514286e+002
 -2.5840040e+002
  2.5182449e+001
 -1.2257178e+002
  3.9234046e+001
 -3.7179923e+001
 -2.8486585e+002
  2.3442857e+002
  2.9185714e+002
 -0.0000000e+000
 -0.0000000e+000
 -2.5356524e+002
  0.0000000e+000
  0.0000000e+000
 -2.5410527e+002
  2.3814286e+002
  3.0035714e+002
 -1.5043315e+002
  1.5549229e+002
  2.0232346e+002
  4.3946556e+001
 -7.3725261e+001
 -2.0620726e+002
  2.3292857e+002
  3.1778571e+002
 -2.5840040e+002
  2.5182449e+001
 -1.2257178e+002
  3.9234046e+001
 -3.7179923e+001
 -2.8486585e+002
  2.3242857e+002
  2.9335714e+002
 -0.0000000e+000
 -0.0000000e+000
 -2.5356524e+002
  0.0000000e+000
  0.0000000e+000
 -2.5410527e+002
  2.4664286e+002
  3.0100000e+002
 -1.5043315e+002
  1.5549229e+002
  2.0232346e+002
  4.3946556e+001
 -7.3725261e+001
 -2.0620726e+002
  2.3164286e+002
  3.2042857e+002
 -2.5840040e+002
  2.5182449e+001
 -1.2257178e+002
  3.9234046e+001
 -3.7179923e+001
 -2.8486585e+002
  2.3121429e+002
  2.9464286e+002
 -0.0000000e+000
 -0.0000000e+000
 -2.5356524e+002
  0.0000000e+000
  0.0000000e+000
 -2.5410527e+002
  2.4685714e+002
  3.0228571e+002
 -1.5043315e+002
  1.5549229e+002
  2.0232346e+002
  4.3946556e+001
 -7.3725261e+001
 -2.0620726e+002
  2.3335714e+002
  3.2007143e+002
 -2.5840040e+002
  2.5182449e+001
 -1.2257178e+002
  3.9234046e+001
 -3.7179923e+001
 -2.8486585e+002
  2.3107143e+002
  2.9664286e+002
 -0.0000000e+000
 -0.0000000e+000
 -2.5356524e+002
  0.0000000e+000
  0.0000000e+000
 -2.5410527e+002
  2.4792857e+002
  3.0257143e+002
 -1.5043315e+002
  1.5549229e+002
  2.0232346e+002
  4.3946556e+001
 -7.3725261e+001
 -2.0620726e+002
  2.3000000e+002
  3.1507143e+002
 -2.5840040e+002
  2.5182449e+001
 -1.2257178e+002
  3.9234046e+001
 -3.7179923e+001
 -2.8486585e+002
  2.3028571e+002
  2.9935714e+002
 -0.0000000e+000
 -0.0000000e+000
 -2.5356524e+002
  0.0000000e+000
  0.0000000e+000
 -2.5410527e+002
  2.4100000e+002
  3.0450000e+002
 -1.5043315e+002
  1.5549229e+002
  2.0232346e+002
  4.3946556e+001
 -7.3725261e+001
 -2.0620726e+002
  2.2200000e+002
  3.1142857e+002
 -2.5840040e+002
  2.5182449e+001
 -1.2257178e+002
  3.9234046e+001
 -3.7179923e+001
 -2.8486585e+002
  2.3092857e+002
  2.9821429e+002
 -0.0000000e+000
 -0.0000000e+000
 -2.5356524e+002
  0.0000000e+000
  0.0000000e+000
 -2.5410527e+002
  2.3142857e+002
  3.0735714e+002
 -1.5043315e+002
  1.5549229e+002
  2.0232346e+002
  4.3946556e+001
 -7.3725261e+001
 -2.0620726e+002
  2.1221429e+002
  3.0914286e+002
 -2.5840040e+002
  2.5182449e+001
 -1.2257178e+002
  3.9234046e+001
 -3.7179923e+001
 -2.8486585e+002
  2.3300000e+002
  2.9450000e+002
 -0.0000000e+000
 -0.0000000e+000
 -2.5356524e+002
  0.0000000e+000
  0.0000000e+000
 -2.5410527e+002
  2.3371429e+002
  3.1050000e+002
 -1.5043315e+002
  1.5549229e+002
  2.0232346e+002
  4.3946556e+001
 -7.3725261e+001
 -2.0620726e+002
  2.0578571e+002
  3.0721429e+002
 -2.5840040e+002
  2.5182449e+001
 -1.2257178e+002
  3.9234046e+001
 -3.7179923e+001
 -2.8486585e+002
  2.3514286e+002
  2.9321429e+002
 -0.0000000e+000
 -0.0000000e+000
 -2.5356524e+002
  0.0000000e+000
  0.0000000e+000
 -2.5410527e+002
  2.2800000e+002
  3.1007143e+002
 -1.5043315e+002
  1.5549229e+002
  2.0232346e+002
  4.3946556e+001
 -7.3725261e+001
 -2.0620726e+002
  2.1157143e+002
  3.0678571e+002
 -2.5840040e+002
  2.5182449e+001
 -1.2257178e+002
  3.9234046e+001
 -3.7179923e+001
 -2.8486585e+002
  2.3607143e+002
  2.9221429e+002
 -0.0000000e+000
 -0.0000000e+000
 -2.5356524e+002
  0.0000000e+000
  0.0000000e+000
 -2.5410527e+002
  2.1678571e+002
  3.0721429e+002
 -1.5043315e+002
  1.5549229e+002
  2.0232346e+002
  4.3946556e+001
 -7.3725261e+001
 -2.0620726e+002
  2.1921429e+002
  3.0600000e+002
 -2.5840040e+002
  2.5182449e+001
 -1.2257178e+002
  3.9234046e+001
 -3.7179923e+001
 -2.8486585e+002
  2.3814286e+002
  2.9228571e+002
 -0.0000000e+000
 -0.0000000e+000
 -2.5356524e+002
  0.0000000e+000
  0.0000000e+000
 -2.5410527e+002
  2.0785714e+002
  3.0478571e+002
 -1.5043315e+002
  1.5549229e+002
  2.0232346e+002
  4.3946556e+001
 -7.3725261e+001
 -2.0620726e+002
  2.2535714e+002
  3.0585714e+002
 -2.5840040e+002
  2.5182449e+001
 -1.2257178e+002
  3.9234046e+001
 -3.7179923e+001
 -2.8486585e+002
  2.3921429e+002
  2.9300000e+002
 -0.0000000e+000
 -0.0000000e+000
 -2.5356524e+002
  0.0000000e+000
  0.0000000e+000
 -2.5410527e+002
  2.0700000e+002
  3.0414286e+002
 -1.5043315e+002
  1.5549229e+002
  2.0232346e+002
  4.3946556e+001
 -7.3725261e+001
 -2.0620726e+002
  2.2557143e+002
  3.0528571e+002
 -2.5840040e+002
  2.5182449e+001
 -1.2257178e+002
  3.9234046e+001
 -3.7179923e+001
 -2.8486585e+002
  2.4007143e+002
  2.9364286e+002
 -0.0000000e+000
 -0.0000000e+000
 -2.5356524e+002
  0.0000000e+000
  0.0000000e+000
 -2.5410527e+002
  2.1107143e+002
  3.0342857e+002
 -1.5043315e+002
  1.5549229e+002
  2.0232346e+002
  4.3946556e+001
 -7.3725261e+001
 -2.0620726e+002
  2.3192857e+002
  3.0407143e+002
 -2.5840040e+002
  2.5182449e+001
 -1.2257178e+002
  3.9234046e+001
 -3.7179923e+001
 -2.8486585e+002
  2.3957143e+002
  2.9542857e+002
 -0.0000000e+000
 -0.0000000e+000
 -2.5356524e+002
  0.0000000e+000
  0.0000000e+000
 -2.5410527e+002
  2.1892857e+002
  3.0378571e+002
 -1.5043315e+002
  1.5549229e+002
  2.0232346e+002
  4.3946556e+001
 -7.3725261e+001
 -2.0620726e+002
  2.3807143e+002
  3.0428571e+002
 -2.5840040e+002
  2.5182449e+001
 -1.2257178e+002
  3.9234046e+001
 -3.7179923e+001
 -2.8486585e+002
  2.3964286e+002
  2.9714286e+002
 -0.0000000e+000
 -0.0000000e+000
 -2.5356524e+002
  0.0000000e+000
  0.0000000e+000
 -2.5410527e+002
  2.3042857e+002
  3.0435714e+002
 -1.5043315e+002
  1.5549229e+002
  2.0232346e+002
  4.3946556e+001
 -7.3725261e+001
 -2.0620726e+002
  2.3300000e+002
  3.0521429e+002
 -2.5840040e+002
  2.5182449e+001
 -1.2257178e+002
  3.9234046e+001
 -3.7179923e+001
 -2.8486585e+002
  2.3921429e+002
  3.0028571e+002
 -0.0000000e+000
 -0.0000000e+000
 -2.5356524e+002
  0.0000000e+000
  0.0000000e+000
 -2.5410527e+002
  2.4014286e+002
  3.0442857e+002
 -1.5043315e+002
  1.5549229e+002
  2.0232346e+002
  4.3946556e+001
 -7.3725261e+001
 -2.0620726e+002
  2.2764286e+002
  3.0750000e+002
 -2.5840040e+002
  2.5182449e+001
 -1.2257178e+002
  3.9234046e+001
 -3.7179923e+001
 -2.8486585e+002
  2.3885714e+002
  3.0364286e+002
 -0.0000000e+000
 -0.0000000e+000
 -2.5356524e+002
  0.0000000e+000
  0.0000000e+000
 -2.5410527e+002
  2.4057143e+002
  3.0578571e+002
 -1.5043315e+002
  1.5549229e+002
  2.0232346e+002
  4.3946556e+001
 -7.3725261e+001
 -2.0620726e+002
  2.1950000e+002
  3.0971429e+002
 -2.5840040e+002
  2.5182449e+001
 -1.2257178e+002
  3.9234046e+001
 -3.7179923e+001
 -2.8486585e+002
  2.3728571e+002
  3.0471429e+002
 -0.0000000e+000
 -0.0000000e+000
 -2.5356524e+002
  0.0000000e+000
  0.0000000e+000
 -2.5410527e+002
  2.4257143e+002
  3.0664286e+002
 -1.5043315e+002
  1.5549229e+002
  2.0232346e+002
  4.3946556e+001
 -7.3725261e+001
 -2.0620726e+002
  2.0750000e+002
  3.1264286e+002
 -2.5840040e+002
  2.5182449e+001
 -1.2257178e+002
  3.9234046e+001
 -3.7179923e+001
 -2.8486585e+002
  2.3542857e+002
  2.9971429e+002
 -0.0000000e+000
 -0.0000000e+000
 -2.5356524e+002
  0.0000000e+000
  0.0000000e+000
 -2.5410527e+002
  2.3742857e+002
  3.0785714e+002
 -1.5043315e+002
  1.5549229e+002
  2.0232346e+002
  4.3946556e+001
 -7.3725261e+001
 -2.0620726e+002
  2.0671429e+002
  3.1428571e+002
 -2.5840040e+002
  2.5182449e+001
 -1.2257178e+002
  3.9234046e+001
 -3.7179923e+001
 -2.8486585e+002
  2.3571429e+002
  2.9614286e+002
 -0.0000000e+000
 -0.0000000e+000
 -2.5356524e+002
  0.0000000e+000
  0.0000000e+000
 -2.5410527e+002
  2.3485714e+002
  3.0764286e+002
 -1.5043315e+002
  1.5549229e+002
  2.0232346e+002
  4.3946556e+001
 -7.3725261e+001
 -2.0620726e+002
  2.0978571e+002
  3.1557143e+002
 -2.5840040e+002
  2.5182449e+001
 -1.2257178e+002
  3.9234046e+001
 -3.7179923e+001
 -2.8486585e+002
  2.3528571e+002
  2.9364286e+002
 -0.0000000e+000
 -0.0000000e+000
 -2.5356524e+002
  0.0000000e+000
  0.0000000e+000
 -2.5410527e+002
  2.3128571e+002
  3.0692857e+002
 -1.5043315e+002
  1.5549229e+002
  2.0232346e+002
  4.3946556e+001
 -7.3725261e+001
 -2.0620726e+002
  2.1535714e+002
  3.1357143e+002
 -2.5840040e+002
  2.5182449e+001
 -1.2257178e+002
  3.9234046e+001
 -3.7179923e+001
 -2.8486585e+002
  2.3528571e+002
  2.9300000e+002
 -0.0000000e+000
 -0.0000000e+000
 -2.5356524e+002
  0.0000000e+000
  0.0000000e+000
 -2.5410527e+002
  2.2357143e+002
  3.0671429e+002
 -1.5043315e+002
  1.5549229e+002
  2.0232346e+002
  4.3946556e+001
 -7.3725261e+001
 -2.0620726e+002
  2.2492857e+002
  3.1157143e+002
 -2.5840040e+002
  2.5182449e+001
 -1.2257178e+002
  3.9234046e+001
 -3.7179923e+001
 -2.8486585e+002
  2.3507143e+002
  2.9350000e+002
 -0.0000000e+000
 -0.0000000e+000
 -2.5356524e+002
  0.0000000e+000
  0.0000000e+000
 -2.5410527e+002
  2.2207143e+002
  3.0442857e+002
 -1.5043315e+002
  1.5549229e+002
  2.0232346e+002
  4.3946556e+001
 -7.3725261e+001
 -2.0620726e+002
  2.3364286e+002
  3.1128571e+002
 -2.5840040e+002
  2.5182449e+001
 -1.2257178e+002
  3.9234046e+001
 -3.7179923e+001
 -2.8486585e+002
  2.3450000e+002
  2.9528571e+002
 -0.0000000e+000
 -0.0000000e+000
 -2.5356524e+002
  0.0000000e+000
  0.0000000e+000
 -2.5410527e+002
  2.2585714e+002
  3.0300000e+002
 -1.5043315e+002
  1.5549229e+002
  2.0232346e+002
  4.3946556e+001
 -7.3725261e+001
 -2.0620726e+002
  2.4100000e+002
  3.1371429e+002
 -2.5840040e+002
  2.5182449e+001
 -1.2257178e+002
  3.9234046e+001
 -3.7179923e+001
 -2.8486585e+002
  2.3385714e+002
  2.9778571e+002
 -0.0000000e+000
 -0.0000000e+000
 -2.5356524e+002
  0.0000000e+000
  0.0000000e+000
 -2.5410527e+002
  2.3371429e+002
  3.0392857e+002
 -1.5043315e+002
  1.5549229e+002
  2.0232346e+002
  4.3946556e+001
 -7.3725261e+001
 -2.0620726e+002
  2.3850000e+002
  3.1700000e+002
 -2.5840040e+002
  2.5182449e+001
 -1.2257178e+002
  3.9234046e+001
 -3.7179923e+001
 -2.8486585e+002
  2.3357143e+002
  2.9928571e+002
 -0.0000000e+000
 -0.0000000e+000
 -2.5356524e+002
  0.0000000e+000
  0.0000000e+000
 -2.5410527e+002
  2.4250000e+002
  3.0642857e+002
 -1.5043315e+002
  1.5549229e+002
  2.0232346e+002
  4.3946556e+001
 -7.3725261e+001
 -2.0620726e+002
  2.3164286e+002
  3.1964286e+002
 -2.5840040e+002
  2.5182449e+001
 -1.2257178e+002
  3.9234046e+001
 -3.7179923e+001
 -2.8486585e+002
  2.3292857e+002
  3.0378571e+002
 -0.0000000e+000
 -0.0000000e+000
 -2.5356524e+002
  0.0000000e+000
  0.0000000e+000
 -2.5410527e+002
  2.4242857e+002
  3.0907143e+002
 -1.5043315e+002
  1.5549229e+002
  2.0232346e+002
  4.3946556e+001
 -7.3725261e+001
 -2.0620726e+002
  2.2692857e+002
  3.1885714e+002
 -2.5840040e+002
  2.5182449e+001
 -1.2257178e+002
  3.9234046e+001
 -3.7179923e+001
 -2.8486585e+002
  2.3778571e+002
  3.0842857e+002
 -0.0000000e+000
 -0.0000000e+000
 -2.5356524e+002
  0.0000000e+000
  0.0000000e+000
 -2.5410527e+002
  2.4128571e+002
  3.1085714e+002
 -1.5043315e+002
  1.5549229e+002
  2.0232346e+002
  4.3946556e+001
 -7.3725261e+001
 -2.0620726e+002
  2.2450000e+002
  3.1450000e+002
 -2.5840040e+002
  2.5182449e+001
 -1.2257178e+002
  3.9234046e+001
 -3.7179923e+001
 -2.8486585e+002
  2.4407143e+002
  3.1257143e+002
 -0.0000000e+000
 -0.0000000e+000
 -2.5356524e+002
  0.0000000e+000
  0.0000000e+000
 -2.5410527e+002
  2.3642857e+002
  3.1250000e+002
 -1.5043315e+002
  1.5549229e+002
  2.0232346e+002
  4.3946556e+001
 -7.3725261e+001
 -2.0620726e+002
  2.1185714e+002
  3.1250000e+002
 -2.5840040e+002
  2.5182449e+001
 -1.2257178e+002
  3.9234046e+001
 -3.7179923e+001
 -2.8486585e+002
  2.4935714e+002
  3.0657143e+002
 -0.0000000e+000
 -0.0000000e+000
 -2.5356524e+002
  0.0000000e+000
  0.0000000e+000
 -2.5410527e+002
  2.3942857e+002
  3.1200000e+002
 -1.5043315e+002
  1.5549229e+002
  2.0232346e+002
  4.3946556e+001
 -7.3725261e+001
 -2.0620726e+002
  2.0035714e+002
  3.1607143e+002
 -2.5840040e+002
  2.5182449e+001
 -1.2257178e+002
  3.9234046e+001
 -3.7179923e+001
 -2.8486585e+002
  2.5385714e+002
  3.0278571e+002
 -0.0000000e+000
 -0.0000000e+000
 -2.5356524e+002
  0.0000000e+000
  0.0000000e+000
 -2.5410527e+002
  2.4185714e+002
  3.0978571e+002
 -1.5043315e+002
  1.5549229e+002
  2.0232346e+002
  4.3946556e+001
 -7.3725261e+001
 -2.0620726e+002
  2.0392857e+002
  3.1657143e+002
 -2.5840040e+002
  2.5182449e+001
 -1.2257178e+002
  3.9234046e+001
 -3.7179923e+001
 -2.8486585e+002
  2.5642857e+002
  3.0100000e+002
 -0.0000000e+000
 -0.0000000e+000
 -2.5356524e+002
  0.0000000e+000
  0.0000000e+000
 -2.5410527e+002
  2.3621429e+002
  3.0942857e+002
 -1.5043315e+002
  1.5549229e+002
  2.0232346e+002
  4.3946556e+001
 -7.3725261e+001
 -2.0620726e+002
  2.1392857e+002
  3.0842857e+002
 -2.5840040e+002
  2.5182449e+001
 -1.2257178e+002
  3.9234046e+001
 -3.7179923e+001
 -2.8486585e+002
  2.5857143e+002
  3.0078571e+002
 -0.0000000e+000
 -0.0000000e+000
 -2.5356524e+002
  0.0000000e+000
  0.0000000e+000
 -2.5410527e+002
  2.2292857e+002
  3.0864286e+002
 -1.5043315e+002
  1.5549229e+002
  2.0232346e+002
  4.3946556e+001
 -7.3725261e+001
 -2.0620726e+002
  2.2214286e+002
  3.0678571e+002
 -2.5840040e+002
  2.5182449e+001
 -1.2257178e+002
  3.9234046e+001
 -3.7179923e+001
 -2.8486585e+002
  2.5778571e+002
  3.0200000e+002
 -0.0000000e+000
 -0.0000000e+000
 -2.5356524e+002
  0.0000000e+000
  0.0000000e+000
 -2.5410527e+002
  2.1371429e+002
  3.0828571e+002
 -1.5043315e+002
  1.5549229e+002
  2.0232346e+002
  4.3946556e+001
 -7.3725261e+001
 -2.0620726e+002
  2.2778571e+002
  3.0835714e+002
 -2.5840040e+002
  2.5182449e+001
 -1.2257178e+002
  3.9234046e+001
 -3.7179923e+001
 -2.8486585e+002
  2.5542857e+002
  3.0414286e+002
 -0.0000000e+000
 -0.0000000e+000
 -2.5356524e+002
  0.0000000e+000
  0.0000000e+000
 -2.5410527e+002
  2.1007143e+002
  3.0750000e+002
 -1.5043315e+002
  1.5549229e+002
  2.0232346e+002
  4.3946556e+001
 -7.3725261e+001
 -2.0620726e+002
  2.2878571e+002
  3.0842857e+002
 -2.5840040e+002
  2.5182449e+001
 -1.2257178e+002
  3.9234046e+001
 -3.7179923e+001
 -2.8486585e+002
  2.5271429e+002
  3.0650000e+002
 -0.0000000e+000
 -0.0000000e+000
 -2.5356524e+002
  0.0000000e+000
  0.0000000e+000
 -2.5410527e+002
  2.1435714e+002
  3.0678571e+002
 -1.5043315e+002
  1.5549229e+002
  2.0232346e+002
  4.3946556e+001
 -7.3725261e+001
 -2.0620726e+002
  2.2721429e+002
  3.0914286e+002
 -2.5840040e+002
  2.5182449e+001
 -1.2257178e+002
  3.9234046e+001
 -3.7179923e+001
 -2.8486585e+002
  2.4828571e+002
  3.0857143e+002
 -0.0000000e+000
 -0.0000000e+000
 -2.5356524e+002
  0.0000000e+000
  0.0000000e+000
 -2.5410527e+002
  2.2592857e+002
  3.0764286e+002
 -1.5043315e+002
  1.5549229e+002
  2.0232346e+002
  4.3946556e+001
 -7.3725261e+001
 -2.0620726e+002
  2.2592857e+002
  3.1071429e+002
 -2.5840040e+002
  2.5182449e+001
 -1.2257178e+002
  3.9234046e+001
 -3.7179923e+001
 -2.8486585e+002
  2.4278571e+002
  3.1007143e+002
 -0.0000000e+000
 -0.0000000e+000
 -2.5356524e+002
  0.0000000e+000
  0.0000000e+000
 -2.5410527e+002
  2.4064286e+002
  3.0942857e+002
 -1.5043315e+002
  1.5549229e+002
  2.0232346e+002
  4.3946556e+001
 -7.3725261e+001
 -2.0620726e+002
  2.2614286e+002
  3.1292857e+002
 -2.5840040e+002
  2.5182449e+001
 -1.2257178e+002
  3.9234046e+001
 -3.7179923e+001
 -2.8486585e+002
  2.4171429e+002
  3.1142857e+002
 -0.0000000e+000
 -0.0000000e+000
 -2.5356524e+002
  0.0000000e+000
  0.0000000e+000
 -2.5410527e+002
  2.4421429e+002
  3.1250000e+002
 -1.5043315e+002
  1.5549229e+002
  2.0232346e+002
  4.3946556e+001
 -7.3725261e+001
 -2.0620726e+002
  2.2650000e+002
  3.1464286e+002
 -2.5840040e+002
  2.5182449e+001
 -1.2257178e+002
  3.9234046e+001
 -3.7179923e+001
 -2.8486585e+002
  2.4171429e+002
  3.1128571e+002
 -0.0000000e+000
 -0.0000000e+000
 -2.5356524e+002
  0.0000000e+000
  0.0000000e+000
 -2.5410527e+002
  2.4257143e+002
  3.1535714e+002
 -1.5043315e+002
  1.5549229e+002
  2.0232346e+002
  4.3946556e+001
 -7.3725261e+001
 -2.0620726e+002
  2.1650000e+002
  3.1500000e+002
 -2.5840040e+002
  2.5182449e+001
 -1.2257178e+002
  3.9234046e+001
 -3.7179923e+001
 -2.8486585e+002
  2.4121429e+002
  3.1057143e+002
 -0.0000000e+000
 -0.0000000e+000
 -2.5356524e+002
  0.0000000e+000
  0.0000000e+000
 -2.5410527e+002
  2.3857143e+002
  3.1528571e+002
 -1.5043315e+002
  1.5549229e+002
  2.0232346e+002
  4.3946556e+001
 -7.3725261e+001
 -2.0620726e+002
  2.0300000e+002
  3.1471429e+002
 -2.5840040e+002
  2.5182449e+001
 -1.2257178e+002
  3.9234046e+001
 -3.7179923e+001
 -2.8486585e+002
  2.4050000e+002
  3.0550000e+002
 -0.0000000e+000
 -0.0000000e+000
 -2.5356524e+002
  0.0000000e+000
  0.0000000e+000
 -2.5410527e+002
  2.3614286e+002
  3.1485714e+002
 -1.5043315e+002
  1.5549229e+002
  2.0232346e+002
  4.3946556e+001
 -7.3725261e+001
 -2.0620726e+002
  1.9542857e+002
  3.1600000e+002
 -2.5840040e+002
  2.5182449e+001
 -1.2257178e+002
  3.9234046e+001
 -3.7179923e+001
 -2.8486585e+002
  2.4085714e+002
  3.0135714e+002
 -0.0000000e+000
 -0.0000000e+000
 -2.5356524e+002
  0.0000000e+000
  0.0000000e+000
 -2.5410527e+002
  2.3642857e+002
  3.1457143e+002
 -1.5043315e+002
  1.5549229e+002
  2.0232346e+002
  4.3946556e+001
 -7.3725261e+001
 -2.0620726e+002
  2.0542857e+002
  3.1771429e+002
 -2.5840040e+002
  2.5182449e+001
 -1.2257178e+002
  3.9234046e+001
 -3.7179923e+001
 -2.8486585e+002
  2.4092857e+002
  2.9807143e+002
 -0.0000000e+000
 -0.0000000e+000
 -2.5356524e+002
  0.0000000e+000
  0.0000000e+000
 -2.5410527e+002
  2.3514286e+002
  3.1371429e+002
 -1.5043315e+002
  1.5549229e+002
  2.0232346e+002
  4.3946556e+001
 -7.3725261e+001
 -2.0620726e+002
  2.1778571e+002
  3.1992857e+002
 -2.5840040e+002
  2.5182449e+001
 -1.2257178e+002
  3.9234046e+001
 -3.7179923e+001
 -2.8486585e+002
  2.4000000e+002
  2.9642857e+002
 -0.0000000e+000
 -0.0000000e+000
 -2.5356524e+002
  0.0000000e+000
  0.0000000e+000
 -2.5410527e+002
  2.3285714e+002
  3.1057143e+002
 -1.5043315e+002
  1.5549229e+002
  2.0232346e+002
  4.3946556e+001
 -7.3725261e+001
 -2.0620726e+002
  2.2742857e+002
  3.1807143e+002
 -2.5840040e+002
  2.5182449e+001
 -1.2257178e+002
  3.9234046e+001
 -3.7179923e+001
 -2.8486585e+002
  2.4007143e+002
  2.9592857e+002
 -0.0000000e+000
 -0.0000000e+000
 -2.5356524e+002
  0.0000000e+000
  0.0000000e+000
 -2.5410527e+002
  2.3292857e+002
  3.0871429e+002
 -1.5043315e+002
  1.5549229e+002
  2.0232346e+002
  4.3946556e+001
 -7.3725261e+001
 -2.0620726e+002
  2.3035714e+002
  3.1778571e+002
 -2.5840040e+002
  2.5182449e+001
 -1.2257178e+002
  3.9234046e+001
 -3.7179923e+001
 -2.8486585e+002
  2.3942857e+002
  2.9621429e+002
 -0.0000000e+000
 -0.0000000e+000
 -2.5356524e+002
  0.0000000e+000
  0.0000000e+000
 -2.5410527e+002
  2.3507143e+002
  3.0771429e+002
 -1.5043315e+002
  1.5549229e+002
  2.0232346e+002
  4.3946556e+001
 -7.3725261e+001
 -2.0620726e+002
  2.3000000e+002
  3.1842857e+002
 -2.5840040e+002
  2.5182449e+001
 -1.2257178e+002
  3.9234046e+001
 -3.7179923e+001
 -2.8486585e+002
  2.3900000e+002
  2.9964286e+002
 -0.0000000e+000
 -0.0000000e+000
 -2.5356524e+002
  0.0000000e+000
  0.0000000e+000
 -2.5410527e+002
  2.4078571e+002
  3.0742857e+002
 -1.5043315e+002
  1.5549229e+002
  2.0232346e+002
  4.3946556e+001
 -7.3725261e+001
 -2.0620726e+002
  2.3214286e+002
  3.2064286e+002
 -2.5840040e+002
  2.5182449e+001
 -1.2257178e+002
  3.9234046e+001
 -3.7179923e+001
 -2.8486585e+002
  2.3957143e+002
  3.0271429e+002
 -0.0000000e+000
 -0.0000000e+000
 -2.5356524e+002
  0.0000000e+000
  0.0000000e+000
 -2.5410527e+002
  2.4378571e+002
  3.0771429e+002
 -1.5043315e+002
  1.5549229e+002
  2.0232346e+002
  4.3946556e+001
 -7.3725261e+001
 -2.0620726e+002
  2.2907143e+002
  3.2192857e+002
 -2.5840040e+002
  2.5182449e+001
 -1.2257178e+002
  3.9234046e+001
 -3.7179923e+001
 -2.8486585e+002
  2.3907143e+002
  3.0700000e+002
 -0.0000000e+000
 -0.0000000e+000
 -2.5356524e+002
  0.0000000e+000
  0.0000000e+000
 -2.5410527e+002
  2.4400000e+002
  3.0878571e+002
 -1.5043315e+002
  1.5549229e+002
  2.0232346e+002
  4.3946556e+001
 -7.3725261e+001
 -2.0620726e+002
  2.2471429e+002
  3.2035714e+002
 -2.5840040e+002
  2.5182449e+001
 -1.2257178e+002
  3.9234046e+001
 -3.7179923e+001
 -2.8486585e+002
  2.4071429e+002
  3.1100000e+002
 -0.0000000e+000
 -0.0000000e+000
 -2.5356524e+002
  0.0000000e+000
  0.0000000e+000
 -2.5410527e+002
  2.4357143e+002
  3.0950000e+002
 -1.5043315e+002
  1.5549229e+002
  2.0232346e+002
  4.3946556e+001
 -7.3725261e+001
 -2.0620726e+002
  2.1028571e+002
  3.1792857e+002
 -2.5840040e+002
  2.5182449e+001
 -1.2257178e+002
  3.9234046e+001
 -3.7179923e+001
 -2.8486585e+002
  2.4585714e+002
  3.1450000e+002
 -0.0000000e+000
 -0.0000000e+000
 -2.5356524e+002
  0.0000000e+000
  0.0000000e+000
 -2.5410527e+002
  2.3292857e+002
  3.1050000e+002
 -1.5043315e+002
  1.5549229e+002
  2.0232346e+002
  4.3946556e+001
 -7.3725261e+001
 -2.0620726e+002
  2.0185714e+002
  3.1678571e+002
 -2.5840040e+002
  2.5182449e+001
 -1.2257178e+002
  3.9234046e+001
 -3.7179923e+001
 -2.8486585e+002
  2.4964286e+002
  3.1385714e+002
 -0.0000000e+000
 -0.0000000e+000
 -2.5356524e+002
  0.0000000e+000
  0.0000000e+000
 -2.5410527e+002
  2.3750000e+002
  3.1192857e+002
 -1.5043315e+002
  1.5549229e+002
  2.0232346e+002
  4.3946556e+001
 -7.3725261e+001
 -2.0620726e+002
  2.0500000e+002
  3.1892857e+002
 -2.5840040e+002
  2.5182449e+001
 -1.2257178e+002
  3.9234046e+001
 -3.7179923e+001
 -2.8486585e+002
  2.5128571e+002
  3.0921429e+002
 -0.0000000e+000
 -0.0000000e+000
 -2.5356524e+002
  0.0000000e+000
  0.0000000e+000
 -2.5410527e+002
  2.3685714e+002
  3.1428571e+002
 -1.5043315e+002
  1.5549229e+002
  2.0232346e+002
  4.3946556e+001
 -7.3725261e+001
 -2.0620726e+002
  2.1235714e+002
  3.1942857e+002
 -2.5840040e+002
  2.5182449e+001
 -1.2257178e+002
  3.9234046e+001
 -3.7179923e+001
 -2.8486585e+002
  2.5250000e+002
  3.0585714e+002
 -0.0000000e+000
 -0.0000000e+000
 -2.5356524e+002
  0.0000000e+000
  0.0000000e+000
 -2.5410527e+002
  2.2885714e+002
  3.1235714e+002
 -1.5043315e+002
  1.5549229e+002
  2.0232346e+002
  4.3946556e+001
 -7.3725261e+001
 -2.0620726e+002
  2.1978571e+002
  3.1857143e+002
 -2.5840040e+002
  2.5182449e+001
 -1.2257178e+002
  3.9234046e+001
 -3.7179923e+001
 -2.8486585e+002
  2.5292857e+002
  3.0192857e+002
 -0.0000000e+000
 -0.0000000e+000
 -2.5356524e+002
  0.0000000e+000
  0.0000000e+000
 -2.5410527e+002
  2.1671429e+002
  3.0757143e+002
 -1.5043315e+002
  1.5549229e+002
  2.0232346e+002
  4.3946556e+001
 -7.3725261e+001
 -2.0620726e+002
  2.2557143e+002
  3.1750000e+002
 -2.5840040e+002
  2.5182449e+001
 -1.2257178e+002
  3.9234046e+001
 -3.7179923e+001
 -2.8486585e+002
  2.5292857e+002
  2.9878571e+002
 -0.0000000e+000
 -0.0000000e+000
 -2.5356524e+002
  0.0000000e+000
  0.0000000e+000
 -2.5410527e+002
  2.0700000e+002
  3.0607143e+002
 -1.5043315e+002
  1.5549229e+002
  2.0232346e+002
  4.3946556e+001
 -7.3725261e+001
 -2.0620726e+002
  2.3671429e+002
  3.1514286e+002
 -2.5840040e+002
  2.5182449e+001
 -1.2257178e+002
  3.9234046e+001
 -3.7179923e+001
 -2.8486585e+002
  2.5214286e+002
  2.9964286e+002
 -0.0000000e+000
 -0.0000000e+000
 -2.5356524e+002
  0.0000000e+000
  0.0000000e+000
 -2.5410527e+002
  2.1271429e+002
  3.0707143e+002
 -1.5043315e+002
  1.5549229e+002
  2.0232346e+002
  4.3946556e+001
 -7.3725261e+001
 -2.0620726e+002
  2.4535714e+002
  3.1464286e+002
 -2.5840040e+002
  2.5182449e+001
 -1.2257178e+002
  3.9234046e+001
 -3.7179923e+001
 -2.8486585e+002
  2.5171429e+002
  3.0178571e+002
 -0.0000000e+000
 -0.0000000e+000
 -2.5356524e+002
  0.0000000e+000
  0.0000000e+000
 -2.5410527e+002
  2.2764286e+002
  3.0778571e+002
 -1.5043315e+002
  1.5549229e+002
  2.0232346e+002
  4.3946556e+001
 -7.3725261e+001
 -2.0620726e+002
  2.3778571e+002
  3.1357143e+002
 -2.5840040e+002
  2.5182449e+001
 -1.2257178e+002
  3.9234046e+001
 -3.7179923e+001
 -2.8486585e+002
  2.5050000e+002
  3.0564286e+002
 -0.0000000e+000
 -0.0000000e+000
 -2.5356524e+002
  0.0000000e+000
  0.0000000e+000
 -2.5410527e+002
  2.4678571e+002
  3.0907143e+002
 -1.5043315e+002
  1.5549229e+002
  2.0232346e+002
  4.3946556e+001
 -7.3725261e+001
 -2.0620726e+002
  2.2507143e+002
  3.1250000e+002
 -2.5840040e+002
  2.5182449e+001
 -1.2257178e+002
  3.9234046e+001
 -3.7179923e+001
 -2.8486585e+002
  2.4907143e+002
  3.0871429e+002
 -0.0000000e+000
 -0.0000000e+000
 -2.5356524e+002
  0.0000000e+000
  0.0000000e+000
 -2.5410527e+002
  2.6957143e+002
  3.0935714e+002
 -1.5043315e+002
  1.5549229e+002
  2.0232346e+002
  4.3946556e+001
 -7.3725261e+001
 -2.0620726e+002
  2.1814286e+002
  3.1107143e+002
 -2.5840040e+002
  2.5182449e+001
 -1.2257178e+002
  3.9234046e+001
 -3.7179923e+001
 -2.8486585e+002
  2.4635714e+002
  3.1064286e+002
 -0.0000000e+000
 -0.0000000e+000
 -2.5356524e+002
  0.0000000e+000
  0.0000000e+000
 -2.5410527e+002
  2.7564286e+002
  3.0835714e+002
 -1.5043315e+002
  1.5549229e+002
  2.0232346e+002
  4.3946556e+001
 -7.3725261e+001
 -2.0620726e+002
  2.1335714e+002
  3.1021429e+002
 -2.5840040e+002
  2.5182449e+001
 -1.2257178e+002
  3.9234046e+001
 -3.7179923e+001
 -2.8486585e+002
  2.4307143e+002
  3.0850000e+002
 -0.0000000e+000
 -0.0000000e+000
 -2.5356524e+002
  0.0000000e+000
  0.0000000e+000
 -2.5410527e+002
  2.7521429e+002
  3.0621429e+002
 -1.5043315e+002
  1.5549229e+002
  2.0232346e+002
  4.3946556e+001
 -7.3725261e+001
 -2.0620726e+002
  2.0935714e+002
  3.0842857e+002
 -2.5840040e+002
  2.5182449e+001
 -1.2257178e+002
  3.9234046e+001
 -3.7179923e+001
 -2.8486585e+002
  2.3942857e+002
  3.0335714e+002
 -0.0000000e+000
 -0.0000000e+000
 -2.5356524e+002
  0.0000000e+000
  0.0000000e+000
 -2.5410527e+002
  2.7364286e+002
  3.0364286e+002
 -1.5043315e+002
  1.5549229e+002
  2.0232346e+002
  4.3946556e+001
 -7.3725261e+001
 -2.0620726e+002
  2.0700000e+002
  3.0671429e+002
 -2.5840040e+002
  2.5182449e+001
 -1.2257178e+002
  3.9234046e+001
 -3.7179923e+001
 -2.8486585e+002
  2.3635714e+002
  2.9821429e+002
 -0.0000000e+000
 -0.0000000e+000
 -2.5356524e+002
  0.0000000e+000
  0.0000000e+000
 -2.5410527e+002
  2.7257143e+002
  3.0235714e+002
 -1.5043315e+002
  1.5549229e+002
  2.0232346e+002
  4.3946556e+001
 -7.3725261e+001
 -2.0620726e+002
  2.0885714e+002
  3.0735714e+002
 -2.5840040e+002
  2.5182449e+001
 -1.2257178e+002
  3.9234046e+001
 -3.7179923e+001
 -2.8486585e+002
  2.3535714e+002
  2.9628571e+002
 -0.0000000e+000
 -0.0000000e+000
 -2.5356524e+002
  0.0000000e+000
  0.0000000e+000
 -2.5410527e+002
  2.7042857e+002
  2.9885714e+002
 -1.5043315e+002
  1.5549229e+002
  2.0232346e+002
  4.3946556e+001
 -7.3725261e+001
 -2.0620726e+002
  2.1478571e+002
  3.1050000e+002
 -2.5840040e+002
  2.5182449e+001
 -1.2257178e+002
  3.9234046e+001
 -3.7179923e+001
 -2.8486585e+002
  2.3507143e+002
  2.9450000e+002
 -0.0000000e+000
 -0.0000000e+000
 -2.5356524e+002
  0.0000000e+000
  0.0000000e+000
 -2.5410527e+002
  2.6650000e+002
  2.9571429e+002
 -1.5043315e+002
  1.5549229e+002
  2.0232346e+002
  4.3946556e+001
 -7.3725261e+001
 -2.0620726e+002
  2.2028571e+002
  3.1257143e+002
 -2.5840040e+002
  2.5182449e+001
 -1.2257178e+002
  3.9234046e+001
 -3.7179923e+001
 -2.8486585e+002
  2.3450000e+002
  2.9542857e+002
 -0.0000000e+000
 -0.0000000e+000
 -2.5356524e+002
  0.0000000e+000
  0.0000000e+000
 -2.5410527e+002
  2.6235714e+002
  2.9350000e+002
 -1.5043315e+002
  1.5549229e+002
  2.0232346e+002
  4.3946556e+001
 -7.3725261e+001
 -2.0620726e+002
  2.2128571e+002
  3.1171429e+002
 -2.5840040e+002
  2.5182449e+001
 -1.2257178e+002
  3.9234046e+001
 -3.7179923e+001
 -2.8486585e+002
  2.3628571e+002
  2.9750000e+002
 -0.0000000e+000
 -0.0000000e+000
 -2.5356524e+002
  0.0000000e+000
  0.0000000e+000
 -2.5410527e+002
  2.6100000e+002
  2.9457143e+002
 -1.5043315e+002
  1.5549229e+002
  2.0232346e+002
  4.3946556e+001
 -7.3725261e+001
 -2.0620726e+002
  2.1900000e+002
  3.1171429e+002
 -2.5840040e+002
  2.5182449e+001
 -1.2257178e+002
  3.9234046e+001
 -3.7179923e+001
 -2.8486585e+002
  2.3821429e+002
  2.9878571e+002
 -0.0000000e+000
 -0.0000000e+000
 -2.5356524e+002
  0.0000000e+000
  0.0000000e+000
 -2.5410527e+002
  2.6471429e+002
  2.9742857e+002
 -1.5043315e+002
  1.5549229e+002
  2.0232346e+002
  4.3946556e+001
 -7.3725261e+001
 -2.0620726e+002
  2.1150000e+002
  3.1250000e+002
 -2.5840040e+002
  2.5182449e+001
 -1.2257178e+002
  3.9234046e+001
 -3.7179923e+001
 -2.8486585e+002
  2.3950000e+002
  3.0107143e+002
 -0.0000000e+000
 -0.0000000e+000
 -2.5356524e+002
  0.0000000e+000
  0.0000000e+000
 -2.5410527e+002
  2.7071429e+002
  3.0085714e+002
 -1.5043315e+002
  1.5549229e+002
  2.0232346e+002
  4.3946556e+001
 -7.3725261e+001
 -2.0620726e+002
  2.0500000e+002
  3.1221429e+002
 -2.5840040e+002
  2.5182449e+001
 -1.2257178e+002
  3.9234046e+001
 -3.7179923e+001
 -2.8486585e+002
  2.4028571e+002
  3.0335714e+002
 -0.0000000e+000
 -0.0000000e+000
 -2.5356524e+002
  0.0000000e+000
  0.0000000e+000
 -2.5410527e+002
  2.7678571e+002
  3.0228571e+002
 -1.5043315e+002
  1.5549229e+002
  2.0232346e+002
  4.3946556e+001
 -7.3725261e+001
 -2.0620726e+002
  2.0185714e+002
  3.1350000e+002
 -2.5840040e+002
  2.5182449e+001
 -1.2257178e+002
  3.9234046e+001
 -3.7179923e+001
 -2.8486585e+002
  2.4200000e+002
  3.0471429e+002
 -0.0000000e+000
 -0.0000000e+000
 -2.5356524e+002
  0.0000000e+000
  0.0000000e+000
 -2.5410527e+002
  2.8114286e+002
  3.0250000e+002
 -1.5043315e+002
  1.5549229e+002
  2.0232346e+002
  4.3946556e+001
 -7.3725261e+001
 -2.0620726e+002
  2.0207143e+002
  3.1264286e+002
 -2.5840040e+002
  2.5182449e+001
 -1.2257178e+002
  3.9234046e+001
 -3.7179923e+001
 -2.8486585e+002
  2.4278571e+002
  3.0607143e+002
 -0.0000000e+000
 -0.0000000e+000
 -2.5356524e+002
  0.0000000e+000
  0.0000000e+000
 -2.5410527e+002
  2.7478571e+002
  3.0135714e+002
 -1.5043315e+002
  1.5549229e+002
  2.0232346e+002
  4.3946556e+001
 -7.3725261e+001
 -2.0620726e+002
  2.0864286e+002
  3.1057143e+002
 -2.5840040e+002
  2.5182449e+001
 -1.2257178e+002
  3.9234046e+001
 -3.7179923e+001
 -2.8486585e+002
  2.4171429e+002
  3.0314286e+002
 -0.0000000e+000
 -0.0000000e+000
 -2.5356524e+002
  0.0000000e+000
  0.0000000e+000
 -2.5410527e+002
  2.6871429e+002
  2.9900000e+002
 -1.5043315e+002
  1.5549229e+002
  2.0232346e+002
  4.3946556e+001
 -7.3725261e+001
 -2.0620726e+002
  2.1950000e+002
  3.0628571e+002
 -2.5840040e+002
  2.5182449e+001
 -1.2257178e+002
  3.9234046e+001
 -3.7179923e+001
 -2.8486585e+002
  2.4014286e+002
  2.9671429e+002
 -0.0000000e+000
 -0.0000000e+000
 -2.5356524e+002
  0.0000000e+000
  0.0000000e+000
 -2.5410527e+002
  2.6114286e+002
  2.9700000e+002
 -1.5043315e+002
  1.5549229e+002
  2.0232346e+002
  4.3946556e+001
 -7.3725261e+001
 -2.0620726e+002
  2.2935714e+002
  3.0207143e+002
 -2.5840040e+002
  2.5182449e+001
 -1.2257178e+002
  3.9234046e+001
 -3.7179923e+001
 -2.8486585e+002
  2.3771429e+002
  2.9157143e+002
 -0.0000000e+000
 -0.0000000e+000
 -2.5356524e+002
  0.0000000e+000
  0.0000000e+000
 -2.5410527e+002
  2.5350000e+002
  2.9364286e+002
 -1.5043315e+002
  1.5549229e+002
  2.0232346e+002
  4.3946556e+001
 -7.3725261e+001
 -2.0620726e+002
  2.3792857e+002
  2.9950000e+002
 -2.5840040e+002
  2.5182449e+001
 -1.2257178e+002
  3.9234046e+001
 -3.7179923e+001
 -2.8486585e+002
  2.3628571e+002
  2.8771429e+002
 -0.0000000e+000
 -0.0000000e+000
 -2.5356524e+002
  0.0000000e+000
  0.0000000e+000
 -2.5410527e+002
  2.4607143e+002
  2.9207143e+002
 -1.5043315e+002
  1.5549229e+002
  2.0232346e+002
  4.3946556e+001
 -7.3725261e+001
 -2.0620726e+002
  2.4057143e+002
  2.9585714e+002
 -2.5840040e+002
  2.5182449e+001
 -1.2257178e+002
  3.9234046e+001
 -3.7179923e+001
 -2.8486585e+002
  2.3314286e+002
  2.8492857e+002
 -0.0000000e+000
 -0.0000000e+000
 -2.5356524e+002
  0.0000000e+000
  0.0000000e+000
 -2.5410527e+002
  2.4335714e+002
  2.9128571e+002
 -1.5043315e+002
  1.5549229e+002
  2.0232346e+002
  4.3946556e+001
 -7.3725261e+001
 -2.0620726e+002
  2.3807143e+002
  2.9350000e+002
 -2.5840040e+002
  2.5182449e+001
 -1.2257178e+002
  3.9234046e+001
 -3.7179923e+001
 -2.8486585e+002
  2.3085714e+002
  2.8278571e+002
 -0.0000000e+000
 -0.0000000e+000
 -2.5356524e+002
  0.0000000e+000
  0.0000000e+000
 -2.5410527e+002
  2.4407143e+002
  2.8992857e+002
 -1.5043315e+002
  1.5549229e+002
  2.0232346e+002
  4.3946556e+001
 -7.3725261e+001
 -2.0620726e+002
  2.3057143e+002
  2.9007143e+002
 -2.5840040e+002
  2.5182449e+001
 -1.2257178e+002
  3.9234046e+001
 -3.7179923e+001
 -2.8486585e+002
  2.3057143e+002
  2.8228571e+002
 -0.0000000e+000
 -0.0000000e+000
 -2.5356524e+002
  0.0000000e+000
  0.0000000e+000
 -2.5410527e+002
  2.5057143e+002
  2.8985714e+002
 -1.5043315e+002
  1.5549229e+002
  2.0232346e+002
  4.3946556e+001
 -7.3725261e+001
 -2.0620726e+002
  2.1778571e+002
  2.8850000e+002
 -2.5840040e+002
  2.5182449e+001
 -1.2257178e+002
  3.9234046e+001
 -3.7179923e+001
 -2.8486585e+002
  2.2985714e+002
  2.8128571e+002
 -0.0000000e+000
 -0.0000000e+000
 -2.5356524e+002
  0.0000000e+000
  0.0000000e+000
 -2.5410527e+002
  2.5985714e+002
  2.9135714e+002
 -1.5043315e+002
  1.5549229e+002
  2.0232346e+002
  4.3946556e+001
 -7.3725261e+001
 -2.0620726e+002
  2.0200000e+002
  2.8978571e+002
 -2.5840040e+002
  2.5182449e+001
 -1.2257178e+002
  3.9234046e+001
 -3.7179923e+001
 -2.8486585e+002
  2.2892857e+002
  2.8257143e+002
 -0.0000000e+000
 -0.0000000e+000
 -2.5356524e+002
  0.0000000e+000
  0.0000000e+000
 -2.5410527e+002
  2.7242857e+002
  2.9478571e+002
 -1.5043315e+002
  1.5549229e+002
  2.0232346e+002
  4.3946556e+001
 -7.3725261e+001
 -2.0620726e+002
  1.9307143e+002
  2.9278571e+002
 -2.5840040e+002
  2.5182449e+001
 -1.2257178e+002
  3.9234046e+001
 -3.7179923e+001
 -2.8486585e+002
  2.2857143e+002
  2.8571429e+002
 -0.0000000e+000
 -0.0000000e+000
 -2.5356524e+002
  0.0000000e+000
  0.0000000e+000
 -2.5410527e+002
  2.7792857e+002
  2.9814286e+002
 -1.5043315e+002
  1.5549229e+002
  2.0232346e+002
  4.3946556e+001
 -7.3725261e+001
 -2.0620726e+002
  2.0042857e+002
  2.9764286e+002
 -2.5840040e+002
  2.5182449e+001
 -1.2257178e+002
  3.9234046e+001
 -3.7179923e+001
 -2.8486585e+002
  2.2792857e+002
  2.9192857e+002
 -0.0000000e+000
 -0.0000000e+000
 -2.5356524e+002
  0.0000000e+000
  0.0000000e+000
 -2.5410527e+002
  2.6614286e+002
  3.0314286e+002
 -1.5043315e+002
  1.5549229e+002
  2.0232346e+002
  4.3946556e+001
 -7.3725261e+001
 -2.0620726e+002
  2.1314286e+002
  3.0242857e+002
 -2.5840040e+002
  2.5182449e+001
 -1.2257178e+002
  3.9234046e+001
 -3.7179923e+001
 -2.8486585e+002
  2.2842857e+002
  2.9250000e+002
 -0.0000000e+000
 -0.0000000e+000
 -2.5356524e+002
  0.0000000e+000
  0.0000000e+000
 -2.5410527e+002
  2.5521429e+002
  3.0321429e+002
 -1.5043315e+002
  1.5549229e+002
  2.0232346e+002
  4.3946556e+001
 -7.3725261e+001
 -2.0620726e+002
  2.2714286e+002
  3.0678571e+002
 -2.5840040e+002
  2.5182449e+001
 -1.2257178e+002
  3.9234046e+001
 -3.7179923e+001
 -2.8486585e+002
  2.3107143e+002
  2.9407143e+002
 -0.0000000e+000
 -0.0000000e+000
 -2.5356524e+002
  0.0000000e+000
  0.0000000e+000
 -2.5410527e+002
  2.4657143e+002
  3.0128571e+002
 -1.5043315e+002
  1.5549229e+002
  2.0232346e+002
  4.3946556e+001
 -7.3725261e+001
 -2.0620726e+002
  2.3757143e+002
  3.0742857e+002
 -2.5840040e+002
  2.5182449e+001
 -1.2257178e+002
  3.9234046e+001
 -3.7179923e+001
 -2.8486585e+002
  2.3200000e+002
  2.9278571e+002
 -0.0000000e+000
 -0.0000000e+000
 -2.5356524e+002
  0.0000000e+000
  0.0000000e+000
 -2.5410527e+002
  2.4057143e+002
  2.9871429e+002
 -1.5043315e+002
  1.5549229e+002
  2.0232346e+002
  4.3946556e+001
 -7.3725261e+001
 -2.0620726e+002
  2.4450000e+002
  3.0492857e+002
 -2.5840040e+002
  2.5182449e+001
 -1.2257178e+002
  3.9234046e+001
 -3.7179923e+001
 -2.8486585e+002
  2.3485714e+002
  2.8921429e+002
 -0.0000000e+000
 -0.0000000e+000
 -2.5356524e+002
  0.0000000e+000
  0.0000000e+000
 -2.5410527e+002
  2.3892857e+002
  2.9614286e+002
 -1.5043315e+002
  1.5549229e+002
  2.0232346e+002
  4.3946556e+001
 -7.3725261e+001
 -2.0620726e+002
  2.4657143e+002
  3.0235714e+002
 -2.5840040e+002
  2.5182449e+001
 -1.2257178e+002
  3.9234046e+001
 -3.7179923e+001
 -2.8486585e+002
  2.3528571e+002
  2.9007143e+002
 -0.0000000e+000
 -0.0000000e+000
 -2.5356524e+002
  0.0000000e+000
  0.0000000e+000
 -2.5410527e+002
  2.4192857e+002
  2.9742857e+002
 -1.5043315e+002
  1.5549229e+002
  2.0232346e+002
  4.3946556e+001
 -7.3725261e+001
 -2.0620726e+002
  2.4457143e+002
  3.0121429e+002
 -2.5840040e+002
  2.5182449e+001
 -1.2257178e+002
  3.9234046e+001
 -3.7179923e+001
 -2.8486585e+002
  2.3414286e+002
  2.9185714e+002
 -0.0000000e+000
 -0.0000000e+000
 -2.5356524e+002
  0.0000000e+000
  0.0000000e+000
 -2.5410527e+002
  2.4607143e+002
  3.0021429e+002
 -1.5043315e+002
  1.5549229e+002
  2.0232346e+002
  4.3946556e+001
 -7.3725261e+001
 -2.0620726e+002
  2.3735714e+002
  3.0150000e+002
 -2.5840040e+002
  2.5182449e+001
 -1.2257178e+002
  3.9234046e+001
 -3.7179923e+001
 -2.8486585e+002
  2.3200000e+002
  2.9557143e+002
 -0.0000000e+000
 -0.0000000e+000
 -2.5356524e+002
  0.0000000e+000
  0.0000000e+000
 -2.5410527e+002
  2.4064286e+002
  3.0385714e+002
 -1.5043315e+002
  1.5549229e+002
  2.0232346e+002
  4.3946556e+001
 -7.3725261e+001
 -2.0620726e+002
  2.4421429e+002
  3.0264286e+002
 -2.5840040e+002
  2.5182449e+001
 -1.2257178e+002
  3.9234046e+001
 -3.7179923e+001
 -2.8486585e+002
  2.3228571e+002
  3.0021429e+002
 -0.0000000e+000
 -0.0000000e+000
 -2.5356524e+002
  0.0000000e+000
  0.0000000e+000
 -2.5410527e+002
  2.3121429e+002
  3.0807143e+002
 -1.5043315e+002
  1.5549229e+002
  2.0232346e+002
  4.3946556e+001
 -7.3725261e+001
 -2.0620726e+002
  2.5428571e+002
  3.0478571e+002
 -2.5840040e+002
  2.5182449e+001
 -1.2257178e+002
  3.9234046e+001
 -3.7179923e+001
 -2.8486585e+002
  2.3392857e+002
  2.9928571e+002
 -0.0000000e+000
 -0.0000000e+000
 -2.5356524e+002
  0.0000000e+000
  0.0000000e+000
 -2.5410527e+002
  2.2271429e+002
  3.1057143e+002
 -1.5043315e+002
  1.5549229e+002
  2.0232346e+002
  4.3946556e+001
 -7.3725261e+001
 -2.0620726e+002
  2.6571429e+002
  3.1000000e+002
 -2.5840040e+002
  2.5182449e+001
 -1.2257178e+002
  3.9234046e+001
 -3.7179923e+001
 -2.8486585e+002
  2.3700000e+002
  2.8850000e+002
 -0.0000000e+000
 -0.0000000e+000
 -2.5356524e+002
  0.0000000e+000
  0.0000000e+000
 -2.5410527e+002
  2.1535714e+002
  3.0550000e+002
 -1.5043315e+002
  1.5549229e+002
  2.0232346e+002
  4.3946556e+001
 -7.3725261e+001
 -2.0620726e+002
  2.6621429e+002
  3.1100000e+002
 -2.5840040e+002
  2.5182449e+001
 -1.2257178e+002
  3.9234046e+001
 -3.7179923e+001
 -2.8486585e+002
  2.4100000e+002
  2.8407143e+002
 -0.0000000e+000
 -0.0000000e+000
 -2.5356524e+002
  0.0000000e+000
  0.0000000e+000
 -2.5410527e+002
  2.1007143e+002
  3.0271429e+002
 -1.5043315e+002
  1.5549229e+002
  2.0232346e+002
  4.3946556e+001
 -7.3725261e+001
 -2.0620726e+002
  2.7150000e+002
  3.1028571e+002
 -2.5840040e+002
  2.5182449e+001
 -1.2257178e+002
  3.9234046e+001
 -3.7179923e+001
 -2.8486585e+002
  2.4028571e+002
  2.8378571e+002
 -0.0000000e+000
 -0.0000000e+000
 -2.5356524e+002
  0.0000000e+000
  0.0000000e+000
 -2.5410527e+002
  2.0721429e+002
  3.0157143e+002
 -1.5043315e+002
  1.5549229e+002
  2.0232346e+002
  4.3946556e+001
 -7.3725261e+001
 -2.0620726e+002
  2.7478571e+002
  3.0571429e+002
 -2.5840040e+002
  2.5182449e+001
 -1.2257178e+002
  3.9234046e+001
 -3.7179923e+001
 -2.8486585e+002
  2.4614286e+002
  2.8728571e+002
 -0.0000000e+000
 -0.0000000e+000
 -2.5356524e+002
  0.0000000e+000
  0.0000000e+000
 -2.5410527e+002
  2.1014286e+002
  3.0271429e+002
 -1.5043315e+002
  1.5549229e+002
  2.0232346e+002
  4.3946556e+001
 -7.3725261e+001
 -2.0620726e+002
  2.6464286e+002
  3.0414286e+002
 -2.5840040e+002
  2.5182449e+001
 -1.2257178e+002
  3.9234046e+001
 -3.7179923e+001
 -2.8486585e+002
  2.4735714e+002
  2.9485714e+002
 -0.0000000e+000
 -0.0000000e+000
 -2.5356524e+002
  0.0000000e+000
  0.0000000e+000
 -2.5410527e+002
  2.1685714e+002
  3.0328571e+002
 -1.5043315e+002
  1.5549229e+002
  2.0232346e+002
  4.3946556e+001
 -7.3725261e+001
 -2.0620726e+002
  2.5035714e+002
  3.0214286e+002
 -2.5840040e+002
  2.5182449e+001
 -1.2257178e+002
  3.9234046e+001
 -3.7179923e+001
 -2.8486585e+002
  2.4664286e+002
  3.0135714e+002
 -0.0000000e+000
 -0.0000000e+000
 -2.5356524e+002
  0.0000000e+000
  0.0000000e+000
 -2.5410527e+002
  2.2692857e+002
  3.0414286e+002
 -1.5043315e+002
  1.5549229e+002
  2.0232346e+002
  4.3946556e+001
 -7.3725261e+001
 -2.0620726e+002
  2.3235714e+002
  3.0192857e+002
 -2.5840040e+002
  2.5182449e+001
 -1.2257178e+002
  3.9234046e+001
 -3.7179923e+001
 -2.8486585e+002
  2.4521429e+002
  3.0414286e+002
 -0.0000000e+000
 -0.0000000e+000
 -2.5356524e+002
  0.0000000e+000
  0.0000000e+000
 -2.5410527e+002
  2.3928571e+002
  3.0428571e+002
 -1.5043315e+002
  1.5549229e+002
  2.0232346e+002
  4.3946556e+001
 -7.3725261e+001
 -2.0620726e+002
  2.2742857e+002
  3.0007143e+002
 -2.5840040e+002
  2.5182449e+001
 -1.2257178e+002
  3.9234046e+001
 -3.7179923e+001
 -2.8486585e+002
  2.4314286e+002
  3.0435714e+002
 -0.0000000e+000
 -0.0000000e+000
 -2.5356524e+002
  0.0000000e+000
  0.0000000e+000
 -2.5410527e+002
  2.4285714e+002
  3.0457143e+002
 -1.5043315e+002
  1.5549229e+002
  2.0232346e+002
  4.3946556e+001
 -7.3725261e+001
 -2.0620726e+002
  2.3500000e+002
  2.9971429e+002
 -2.5840040e+002
  2.5182449e+001
 -1.2257178e+002
  3.9234046e+001
 -3.7179923e+001
 -2.8486585e+002
  2.4528571e+002
  3.0392857e+002
 -0.0000000e+000
 -0.0000000e+000
 -2.5356524e+002
  0.0000000e+000
  0.0000000e+000
 -2.5410527e+002
  2.3464286e+002
  3.0871429e+002
 -1.5043315e+002
  1.5549229e+002
  2.0232346e+002
  4.3946556e+001
 -7.3725261e+001
 -2.0620726e+002
  2.4307143e+002
  3.0092857e+002
 -2.5840040e+002
  2.5182449e+001
 -1.2257178e+002
  3.9234046e+001
 -3.7179923e+001
 -2.8486585e+002
  2.4885714e+002
  3.0107143e+002
 -0.0000000e+000
 -0.0000000e+000
 -2.5356524e+002
  0.0000000e+000
  0.0000000e+000
 -2.5410527e+002
  2.3107143e+002
  3.0371429e+002
 -1.5043315e+002
  1.5549229e+002
  2.0232346e+002
  4.3946556e+001
 -7.3725261e+001
 -2.0620726e+002
  2.5435714e+002
  3.0528571e+002
 -2.5840040e+002
  2.5182449e+001
 -1.2257178e+002
  3.9234046e+001
 -3.7179923e+001
 -2.8486585e+002
  2.5478571e+002
  2.9021429e+002
 -0.0000000e+000
 -0.0000000e+000
 -2.5356524e+002
  0.0000000e+000
  0.0000000e+000
 -2.5410527e+002
  2.2771429e+002
  2.9678571e+002
 -1.5043315e+002
  1.5549229e+002
  2.0232346e+002
  4.3946556e+001
 -7.3725261e+001
 -2.0620726e+002
  2.6650000e+002
  3.1085714e+002
 -2.5840040e+002
  2.5182449e+001
 -1.2257178e+002
  3.9234046e+001
 -3.7179923e+001
 -2.8486585e+002
  2.5785714e+002
  2.8635714e+002
 -0.0000000e+000
 -0.0000000e+000
 -2.5356524e+002
  0.0000000e+000
  0.0000000e+000
 -2.5410527e+002
  2.2635714e+002
  2.9250000e+002
 -1.5043315e+002
  1.5549229e+002
  2.0232346e+002
  4.3946556e+001
 -7.3725261e+001
 -2.0620726e+002
  2.6957143e+002
  3.1264286e+002
 -2.5840040e+002
  2.5182449e+001
 -1.2257178e+002
  3.9234046e+001
 -3.7179923e+001
 -2.8486585e+002
  2.5628571e+002
  2.8928571e+002
 -0.0000000e+000
 -0.0000000e+000
 -2.5356524e+002
  0.0000000e+000
  0.0000000e+000
 -2.5410527e+002
  2.2350000e+002
  2.9185714e+002
 -1.5043315e+002
  1.5549229e+002
  2.0232346e+002
  4.3946556e+001
 -7.3725261e+001
 -2.0620726e+002
  2.6092857e+002
  3.1007143e+002
 -2.5840040e+002
  2.5182449e+001
 -1.2257178e+002
  3.9234046e+001
 -3.7179923e+001
 -2.8486585e+002
  2.5092857e+002
  2.9378571e+002
 -0.0000000e+000
 -0.0000000e+000
 -2.5356524e+002
  0.0000000e+000
  0.0000000e+000
 -2.5410527e+002
  2.2835714e+002
  2.9392857e+002
 -1.5043315e+002
  1.5549229e+002
  2.0232346e+002
  4.3946556e+001
 -7.3725261e+001
 -2.0620726e+002
  2.4821429e+002
  3.0700000e+002
 -2.5840040e+002
  2.5182449e+001
 -1.2257178e+002
  3.9234046e+001
 -3.7179923e+001
 -2.8486585e+002
  2.4300000e+002
  2.9692857e+002
 -0.0000000e+000
 -0.0000000e+000
 -2.5356524e+002
  0.0000000e+000
  0.0000000e+000
 -2.5410527e+002
  2.3385714e+002
  2.9864286e+002
 -1.5043315e+002
  1.5549229e+002
  2.0232346e+002
  4.3946556e+001
 -7.3725261e+001
 -2.0620726e+002
  2.3471429e+002
  3.0607143e+002
 -2.5840040e+002
  2.5182449e+001
 -1.2257178e+002
  3.9234046e+001
 -3.7179923e+001
 -2.8486585e+002
  2.4007143e+002
  2.9800000e+002
 -0.0000000e+000
 -0.0000000e+000
 -2.5356524e+002
  0.0000000e+000
  0.0000000e+000
 -2.5410527e+002
  2.4221429e+002
  3.0264286e+002
 -1.5043315e+002
  1.5549229e+002
  2.0232346e+002
  4.3946556e+001
 -7.3725261e+001
 -2.0620726e+002
  2.3950000e+002
  3.0364286e+002
 -2.5840040e+002
  2.5182449e+001
 -1.2257178e+002
  3.9234046e+001
 -3.7179923e+001
 -2.8486585e+002
  2.4035714e+002
  2.9771429e+002
 -0.0000000e+000
 -0.0000000e+000
 -2.5356524e+002
  0.0000000e+000
  0.0000000e+000
 -2.5410527e+002
  2.2957143e+002
  3.0778571e+002
 -1.5043315e+002
  1.5549229e+002
  2.0232346e+002
  4.3946556e+001
 -7.3725261e+001
 -2.0620726e+002
  2.4735714e+002
  3.0442857e+002
 -2.5840040e+002
  2.5182449e+001
 -1.2257178e+002
  3.9234046e+001
 -3.7179923e+001
 -2.8486585e+002
  2.3885714e+002
  3.0028571e+002
 -0.0000000e+000
 -0.0000000e+000
 -2.5356524e+002
  0.0000000e+000
  0.0000000e+000
 -2.5410527e+002
  2.1871429e+002
  3.1292857e+002
 -1.5043315e+002
  1.5549229e+002
  2.0232346e+002
  4.3946556e+001
 -7.3725261e+001
 -2.0620726e+002
  2.6221429e+002
  3.0700000e+002
 -2.5840040e+002
  2.5182449e+001
 -1.2257178e+002
  3.9234046e+001
 -3.7179923e+001
 -2.8486585e+002
  2.4050000e+002
  3.0978571e+002
 -0.0000000e+000
 -0.0000000e+000
 -2.5356524e+002
  0.0000000e+000
  0.0000000e+000
 -2.5410527e+002
  2.1042857e+002
  3.0235714e+002
 -1.5043315e+002
  1.5549229e+002
  2.0232346e+002
  4.3946556e+001
 -7.3725261e+001
 -2.0620726e+002
  2.6642857e+002
  3.1171429e+002
 -2.5840040e+002
  2.5182449e+001
 -1.2257178e+002
  3.9234046e+001
 -3.7179923e+001
 -2.8486585e+002
  2.3842857e+002
  3.0185714e+002
 -0.0000000e+000
 -0.0000000e+000
 -2.5356524e+002
  0.0000000e+000
  0.0000000e+000
 -2.5410527e+002
  2.0714286e+002
  2.9614286e+002
 -1.5043315e+002
  1.5549229e+002
  2.0232346e+002
  4.3946556e+001
 -7.3725261e+001
 -2.0620726e+002
  2.7357143e+002
  3.1092857e+002
 -2.5840040e+002
  2.5182449e+001
 -1.2257178e+002
  3.9234046e+001
 -3.7179923e+001
 -2.8486585e+002
  2.3885714e+002
  2.9742857e+002
 -0.0000000e+000
 -0.0000000e+000
 -2.5356524e+002
  0.0000000e+000
  0.0000000e+000
 -2.5410527e+002
  2.0750000e+002
  2.9514286e+002
 -1.5043315e+002
  1.5549229e+002
  2.0232346e+002
  4.3946556e+001
 -7.3725261e+001
 -2.0620726e+002
  2.6835714e+002
  3.0992857e+002
 -2.5840040e+002
  2.5182449e+001
 -1.2257178e+002
  3.9234046e+001
 -3.7179923e+001
 -2.8486585e+002
  2.4257143e+002
  2.9371429e+002
 -0.0000000e+000
 -0.0000000e+000
 -2.5356524e+002
  0.0000000e+000
  0.0000000e+000
 -2.5410527e+002
  2.1135714e+002
  2.9664286e+002
 -1.5043315e+002
  1.5549229e+002
  2.0232346e+002
  4.3946556e+001
 -7.3725261e+001
 -2.0620726e+002
  2.5735714e+002
  3.0707143e+002
 -2.5840040e+002
  2.5182449e+001
 -1.2257178e+002
  3.9234046e+001
 -3.7179923e+001
 -2.8486585e+002
  2.4857143e+002
  2.9178571e+002
 -0.0000000e+000
 -0.0000000e+000
 -2.5356524e+002
  0.0000000e+000
  0.0000000e+000
 -2.5410527e+002
  2.2000000e+002
  2.9978571e+002
 -1.5043315e+002
  1.5549229e+002
  2.0232346e+002
  4.3946556e+001
 -7.3725261e+001
 -2.0620726e+002
  2.4392857e+002
  3.0357143e+002
 -2.5840040e+002
  2.5182449e+001
 -1.2257178e+002
  3.9234046e+001
 -3.7179923e+001
 -2.8486585e+002
  2.4500000e+002
  2.9092857e+002
 -0.0000000e+000
 -0.0000000e+000
 -2.5356524e+002
  0.0000000e+000
  0.0000000e+000
 -2.5410527e+002
  2.3235714e+002
  3.0378571e+002
 -1.5043315e+002
  1.5549229e+002
  2.0232346e+002
  4.3946556e+001
 -7.3725261e+001
 -2.0620726e+002
  2.3042857e+002
  3.0021429e+002
 -2.5840040e+002
  2.5182449e+001
 -1.2257178e+002
  3.9234046e+001
 -3.7179923e+001
 -2.8486585e+002
  2.3921429e+002
  2.9021429e+002
 -0.0000000e+000
 -0.0000000e+000
 -2.5356524e+002
  0.0000000e+000
  0.0000000e+000
 -2.5410527e+002
  2.4485714e+002
  3.0785714e+002
 -1.5043315e+002
  1.5549229e+002
  2.0232346e+002
  4.3946556e+001
 -7.3725261e+001
 -2.0620726e+002
  2.2671429e+002
  2.9742857e+002
 -2.5840040e+002
  2.5182449e+001
 -1.2257178e+002
  3.9234046e+001
 -3.7179923e+001
 -2.8486585e+002
  2.3614286e+002
  2.9407143e+002
 -0.0000000e+000
 -0.0000000e+000
 -2.5356524e+002
  0.0000000e+000
  0.0000000e+000
 -2.5410527e+002
  2.4000000e+002
  3.0992857e+002
 -1.5043315e+002
  1.5549229e+002
  2.0232346e+002
  4.3946556e+001
 -7.3725261e+001
 -2.0620726e+002
  2.4114286e+002
  2.9635714e+002
 -2.5840040e+002
  2.5182449e+001
 -1.2257178e+002
  3.9234046e+001
 -3.7179923e+001
 -2.8486585e+002
  2.4321429e+002
  3.0135714e+002
 -0.0000000e+000
 -0.0000000e+000
 -2.5356524e+002
  0.0000000e+000
  0.0000000e+000
 -2.5410527e+002
  2.2950000e+002
  3.1414286e+002
 -1.5043315e+002
  1.5549229e+002
  2.0232346e+002
  4.3946556e+001
 -7.3725261e+001
 -2.0620726e+002
  2.5357143e+002
  2.9814286e+002
 -2.5840040e+002
  2.5182449e+001
 -1.2257178e+002
  3.9234046e+001
 -3.7179923e+001
 -2.8486585e+002
  2.5071429e+002
  2.9950000e+002
 -0.0000000e+000
 -0.0000000e+000
 -2.5356524e+002
  0.0000000e+000
  0.0000000e+000
 -2.5410527e+002
  2.2264286e+002
  3.0300000e+002
 -1.5043315e+002
  1.5549229e+002
  2.0232346e+002
  4.3946556e+001
 -7.3725261e+001
 -2.0620726e+002
  2.6421429e+002
  3.0364286e+002
 -2.5840040e+002
  2.5182449e+001
 -1.2257178e+002
  3.9234046e+001
 -3.7179923e+001
 -2.8486585e+002
  2.5600000e+002
  2.8600000e+002
 -0.0000000e+000
 -0.0000000e+000
 -2.5356524e+002
  0.0000000e+000
  0.0000000e+000
 -2.5410527e+002
  2.1842857e+002
  2.9478571e+002
 -1.5043315e+002
  1.5549229e+002
  2.0232346e+002
  4.3946556e+001
 -7.3725261e+001
 -2.0620726e+002
  2.6528571e+002
  3.1214286e+002
 -2.5840040e+002
  2.5182449e+001
 -1.2257178e+002
  3.9234046e+001
 -3.7179923e+001
 -2.8486585e+002
  2.5785714e+002
  2.8042857e+002
 -0.0000000e+000
 -0.0000000e+000
 -2.5356524e+002
  0.0000000e+000
  0.0000000e+000
 -2.5410527e+002
  2.1742857e+002
  2.9242857e+002
 -1.5043315e+002
  1.5549229e+002
  2.0232346e+002
  4.3946556e+001
 -7.3725261e+001
 -2.0620726e+002
  2.6878571e+002
  3.0900000e+002
 -2.5840040e+002
  2.5182449e+001
 -1.2257178e+002
  3.9234046e+001
 -3.7179923e+001
 -2.8486585e+002
  2.5578571e+002
  2.8114286e+002
 -0.0000000e+000
 -0.0000000e+000
 -2.5356524e+002
  0.0000000e+000
  0.0000000e+000
 -2.5410527e+002
  2.1935714e+002
  2.9414286e+002
 -1.5043315e+002
  1.5549229e+002
  2.0232346e+002
  4.3946556e+001
 -7.3725261e+001
 -2.0620726e+002
  2.6085714e+002
  3.0478571e+002
 -2.5840040e+002
  2.5182449e+001
 -1.2257178e+002
  3.9234046e+001
 -3.7179923e+001
 -2.8486585e+002
  2.4957143e+002
  2.8614286e+002
 -0.0000000e+000
 -0.0000000e+000
 -2.5356524e+002
  0.0000000e+000
  0.0000000e+000
 -2.5410527e+002
  2.2521429e+002
  2.9550000e+002
 -1.5043315e+002
  1.5549229e+002
  2.0232346e+002
  4.3946556e+001
 -7.3725261e+001
 -2.0620726e+002
  2.5064286e+002
  3.0192857e+002
 -2.5840040e+002
  2.5182449e+001
 -1.2257178e+002
  3.9234046e+001
 -3.7179923e+001
 -2.8486585e+002
  2.4264286e+002
  2.9000000e+002
 -0.0000000e+000
 -0.0000000e+000
 -2.5356524e+002
  0.0000000e+000
  0.0000000e+000
 -2.5410527e+002
  2.3542857e+002
  2.9735714e+002
 -1.5043315e+002
  1.5549229e+002
  2.0232346e+002
  4.3946556e+001
 -7.3725261e+001
 -2.0620726e+002
  2.3807143e+002
  2.9764286e+002
 -2.5840040e+002
  2.5182449e+001
 -1.2257178e+002
  3.9234046e+001
 -3.7179923e+001
 -2.8486585e+002
  2.3507143e+002
  2.9442857e+002
 -0.0000000e+000
 -0.0000000e+000
 -2.5356524e+002
  0.0000000e+000
  0.0000000e+000
 -2.5410527e+002
  2.4135714e+002
  3.0107143e+002
 -1.5043315e+002
  1.5549229e+002
  2.0232346e+002
  4.3946556e+001
 -7.3725261e+001
 -2.0620726e+002
  2.4592857e+002
  2.9592857e+002
 -2.5840040e+002
  2.5182449e+001
 -1.2257178e+002
  3.9234046e+001
 -3.7179923e+001
 -2.8486585e+002
  2.3542857e+002
  2.9850000e+002
 -0.0000000e+000
 -0.0000000e+000
 -2.5356524e+002
  0.0000000e+000
  0.0000000e+000
 -2.5410527e+002
  2.2471429e+002
  3.0428571e+002
 -1.5043315e+002
  1.5549229e+002
  2.0232346e+002
  4.3946556e+001
 -7.3725261e+001
 -2.0620726e+002
  2.5614286e+002
  2.9578571e+002
 -2.5840040e+002
  2.5182449e+001
 -1.2257178e+002
  3.9234046e+001
 -3.7179923e+001
 -2.8486585e+002
  2.3707143e+002
  3.0528571e+002
 -0.0000000e+000
 -0.0000000e+000
 -2.5356524e+002
  0.0000000e+000
  0.0000000e+000
 -2.5410527e+002
  2.0957143e+002
  3.1107143e+002
 -1.5043315e+002
  1.5549229e+002
  2.0232346e+002
  4.3946556e+001
 -7.3725261e+001
 -2.0620726e+002
  2.6207143e+002
  3.0000000e+002
 -2.5840040e+002
  2.5182449e+001
 -1.2257178e+002
  3.9234046e+001
 -3.7179923e+001
 -2.8486585e+002
  2.4014286e+002
  3.0542857e+002
 -0.0000000e+000
 -0.0000000e+000
 -2.5356524e+002
  0.0000000e+000
  0.0000000e+000
 -2.5410527e+002
  1.9878571e+002
  3.0021429e+002
 -1.5043315e+002
  1.5549229e+002
  2.0232346e+002
  4.3946556e+001
 -7.3725261e+001
 -2.0620726e+002
  2.7114286e+002
  3.0892857e+002
 -2.5840040e+002
  2.5182449e+001
 -1.2257178e+002
  3.9234046e+001
 -3.7179923e+001
 -2.8486585e+002
  2.3835714e+002
  2.9450000e+002
 -0.0000000e+000
 -0.0000000e+000
 -2.5356524e+002
  0.0000000e+000
  0.0000000e+000
 -2.5410527e+002
  1.9035714e+002
  2.9521429e+002
 -1.5043315e+002
  1.5549229e+002
  2.0232346e+002
  4.3946556e+001
 -7.3725261e+001
 -2.0620726e+002
  2.7164286e+002
  3.1478571e+002
 -2.5840040e+002
  2.5182449e+001
 -1.2257178e+002
  3.9234046e+001
 -3.7179923e+001
 -2.8486585e+002
  2.3942857e+002
  2.8578571e+002
 -0.0000000e+000
 -0.0000000e+000
 -2.5356524e+002
  0.0000000e+000
  0.0000000e+000
 -2.5410527e+002
  1.8978571e+002
  2.9207143e+002
 -1.5043315e+002
  1.5549229e+002
  2.0232346e+002
  4.3946556e+001
 -7.3725261e+001
 -2.0620726e+002
  2.7842857e+002
  3.1157143e+002
 -2.5840040e+002
  2.5182449e+001
 -1.2257178e+002
  3.9234046e+001
 -3.7179923e+001
 -2.8486585e+002
  2.4464286e+002
  2.8121429e+002
 -0.0000000e+000
 -0.0000000e+000
 -2.5356524e+002
  0.0000000e+000
  0.0000000e+000
 -2.5410527e+002
  1.9914286e+002
  2.9228571e+002
 -1.5043315e+002
  1.5549229e+002
  2.0232346e+002
  4.3946556e+001
 -7.3725261e+001
 -2.0620726e+002
  2.6707143e+002
  3.0542857e+002
 -2.5840040e+002
  2.5182449e+001
 -1.2257178e+002
  3.9234046e+001
 -3.7179923e+001
 -2.8486585e+002
  2.5078571e+002
  2.8307143e+002
 -0.0000000e+000
 -0.0000000e+000
 -2.5356524e+002
  0.0000000e+000
  0.0000000e+000
 -2.5410527e+002
  2.1428571e+002
  2.9535714e+002
 -1.5043315e+002
  1.5549229e+002
  2.0232346e+002
  4.3946556e+001
 -7.3725261e+001
 -2.0620726e+002
  2.5035714e+002
  3.0142857e+002
 -2.5840040e+002
  2.5182449e+001
 -1.2257178e+002
  3.9234046e+001
 -3.7179923e+001
 -2.8486585e+002
  2.5292857e+002
  2.8764286e+002
 -0.0000000e+000
 -0.0000000e+000
 -2.5356524e+002
  0.0000000e+000
  0.0000000e+000
 -2.5410527e+002
  2.2728571e+002
  3.0092857e+002
 -1.5043315e+002
  1.5549229e+002
  2.0232346e+002
  4.3946556e+001
 -7.3725261e+001
 -2.0620726e+002
  2.3671429e+002
  2.9807143e+002
 -2.5840040e+002
  2.5182449e+001
 -1.2257178e+002
  3.9234046e+001
 -3.7179923e+001
 -2.8486585e+002
  2.5128571e+002
  2.9378571e+002
 -0.0000000e+000
 -0.0000000e+000
 -2.5356524e+002
  0.0000000e+000
  0.0000000e+000
 -2.5410527e+002
  2.3807143e+002
  3.0485714e+002
 -1.5043315e+002
  1.5549229e+002
  2.0232346e+002
  4.3946556e+001
 -7.3725261e+001
 -2.0620726e+002
  2.3000000e+002
  2.9407143e+002
 -2.5840040e+002
  2.5182449e+001
 -1.2257178e+002
  3.9234046e+001
 -3.7179923e+001
 -2.8486585e+002
  2.4857143e+002
  3.0100000e+002
 -0.0000000e+000
 -0.0000000e+000
 -2.5356524e+002
  0.0000000e+000
  0.0000000e+000
 -2.5410527e+002
  2.3707143e+002
  3.0750000e+002
 -1.5043315e+002
  1.5549229e+002
  2.0232346e+002
  4.3946556e+001
 -7.3725261e+001
 -2.0620726e+002
  2.4235714e+002
  2.9207143e+002
 -2.5840040e+002
  2.5182449e+001
 -1.2257178e+002
  3.9234046e+001
 -3.7179923e+001
 -2.8486585e+002
  2.4550000e+002
  3.0978571e+002
 -0.0000000e+000
 -0.0000000e+000
 -2.5356524e+002
  0.0000000e+000
  0.0000000e+000
 -2.5410527e+002
  2.2271429e+002
  3.1135714e+002
 -1.5043315e+002
  1.5549229e+002
  2.0232346e+002
  4.3946556e+001
 -7.3725261e+001
 -2.0620726e+002
  2.5885714e+002
  2.9585714e+002
 -2.5840040e+002
  2.5182449e+001
 -1.2257178e+002
  3.9234046e+001
 -3.7179923e+001
 -2.8486585e+002
  2.5221429e+002
  3.0914286e+002
 -0.0000000e+000
 -0.0000000e+000
 -2.5356524e+002
  0.0000000e+000
  0.0000000e+000
 -2.5410527e+002
  2.1678571e+002
  2.9964286e+002
 -1.5043315e+002
  1.5549229e+002
  2.0232346e+002
  4.3946556e+001
 -7.3725261e+001
 -2.0620726e+002
  2.7021429e+002
  3.0400000e+002
 -2.5840040e+002
  2.5182449e+001
 -1.2257178e+002
  3.9234046e+001
 -3.7179923e+001
 -2.8486585e+002
  2.5664286e+002
  2.9342857e+002
 -0.0000000e+000
 -0.0000000e+000
 -2.5356524e+002
  0.0000000e+000
  0.0000000e+000
 -2.5410527e+002
  2.1492857e+002
  2.9414286e+002
 -1.5043315e+002
  1.5549229e+002
  2.0232346e+002
  4.3946556e+001
 -7.3725261e+001
 -2.0620726e+002
  2.6957143e+002
  3.1564286e+002
 -2.5840040e+002
  2.5182449e+001
 -1.2257178e+002
  3.9234046e+001
 -3.7179923e+001
 -2.8486585e+002
  2.5950000e+002
  2.8328571e+002
 -0.0000000e+000
 -0.0000000e+000
 -2.5356524e+002
  0.0000000e+000
  0.0000000e+000
 -2.5410527e+002
  2.1350000e+002
  2.9171429e+002
 -1.5043315e+002
  1.5549229e+002
  2.0232346e+002
  4.3946556e+001
 -7.3725261e+001
 -2.0620726e+002
  2.6828571e+002
  3.1871429e+002
 -2.5840040e+002
  2.5182449e+001
 -1.2257178e+002
  3.9234046e+001
 -3.7179923e+001
 -2.8486585e+002
  2.5978571e+002
  2.8057143e+002
 -0.0000000e+000
 -0.0000000e+000
 -2.5356524e+002
  0.0000000e+000
  0.0000000e+000
 -2.5410527e+002
  2.1307143e+002
  2.9021429e+002
