 -1.1157226e+002
  4.6928211e+001
 -3.8808415e+000
  3.6610007e+001
 -5.0388235e+001
 -1.0702970e+002
  2.3250000e+002
  3.1357143e+002
 -1.5357640e+002
  8.0382900e+000
 -1.1553111e+002
  3.1467322e+001
 -2.5429596e+001
 -1.9111575e+002
  2.3607143e+002
  3.1092857e+002
  0.0000000e+000
  0.0000000e+000
 -2.3187084e+002
 -0.0000000e+000
  6.1082215e-015
 -2.3187214e+002
  2.3921429e+002
  3.1185714e+002
 -1.1157226e+002
  4.6928211e+001
 -3.8808415e+000
  3.6610007e+001
 -5.0388235e+001
 -1.0702970e+002
  2.3050000e+002
  3.1400000e+002
 -1.5357640e+002
  8.0382900e+000
 -1.1553111e+002
  3.1467322e+001
 -2.5429596e+001
 -1.9111575e+002
  2.3864286e+002
  3.1000000e+002
  0.0000000e+000
  0.0000000e+000
 -2.3187084e+002
 -0.0000000e+000
  6.1082215e-015
 -2.3187214e+002
  2.4664286e+002
  3.1350000e+002
 -1.1157226e+002
  4.6928211e+001
 -3.8808415e+000
  3.6610007e+001
 -5.0388235e+001
 -1.0702970e+002
  2.2864286e+002
  3.1478571e+002
 -1.5357640e+002
  8.0382900e+000
 -1.1553111e+002
  3.1467322e+001
 -2.5429596e+001
 -1.9111575e+002
  2.4028571e+002
  3.1085714e+002
  0.0000000e+000
  0.0000000e+000
 -2.3187084e+002
 -0.0000000e+000
  6.1082215e-015
 -2.3187214e+002
  2.5157143e+002
  3.1357143e+002
 -1.1157226e+002
  4.6928211e+001
 -3.8808415e+000
  3.6610007e+001
 -5.0388235e+001
 -1.0702970e+002
  2.2742857e+002
  3.1635714e+002
 -1.5357640e+002
  8.0382900e+000
 -1.1553111e+002
  3.1467322e+001
 -2.5429596e+001
 -1.9111575e+002
  2.4200000e+002
  3.1150000e+002
  0.0000000e+000
  0.0000000e+000
 -2.3187084e+002
 -0.0000000e+000
  6.1082215e-015
 -2.3187214e+002
  2.5557143e+002
  3.1235714e+002
 -1.1157226e+002
  4.6928211e+001
 -3.8808415e+000
  3.6610007e+001
 -5.0388235e+001
 -1.0702970e+002
  2.2642857e+002
  3.1500000e+002
 -1.5357640e+002
  8.0382900e+000
 -1.1553111e+002
  3.1467322e+001
 -2.5429596e+001
 -1.9111575e+002
  2.4378571e+002
  3.1257143e+002
  0.0000000e+000
  0.0000000e+000
 -2.3187084e+002
 -0.0000000e+000
  6.1082215e-015
 -2.3187214e+002
  2.5664286e+002
  3.1285714e+002
 -1.1157226e+002
  4.6928211e+001
 -3.8808415e+000
  3.6610007e+001
 -5.0388235e+001
 -1.0702970e+002
  2.2650000e+002
  3.1450000e+002
 -1.5357640e+002
  8.0382900e+000
 -1.1553111e+002
  3.1467322e+001
 -2.5429596e+001
 -1.9111575e+002
  2.4421429e+002
  3.1407143e+002
  0.0000000e+000
  0.0000000e+000
 -2.3187084e+002
 -0.0000000e+000
  6.1082215e-015
 -2.3187214e+002
  2.5300000e+002
  3.1350000e+002
 -1.1157226e+002
  4.6928211e+001
 -3.8808415e+000
  3.6610007e+001
 -5.0388235e+001
 -1.0702970e+002
  2.2585714e+002
  3.1321429e+002
 -1.5357640e+002
  8.0382900e+000
 -1.1553111e+002
  3.1467322e+001
 -2.5429596e+001
 -1.9111575e+002
  2.4442857e+002
  3.1142857e+002
  0.0000000e+000
  0.0000000e+000
 -2.3187084e+002
 -0.0000000e+000
  6.1082215e-015
 -2.3187214e+002
  2.4500000e+002
  3.1428571e+002
 -1.1157226e+002
  4.6928211e+001
 -3.8808415e+000
  3.6610007e+001
 -5.0388235e+001
 -1.0702970e+002
  2.2692857e+002
  3.1135714e+002
 -1.5357640e+002
  8.0382900e+000
 -1.1553111e+002
  3.1467322e+001
 -2.5429596e+001
 -1.9111575e+002
  2.4435714e+002
  3.0742857e+002
  0.0000000e+000
  0.0000000e+000
 -2.3187084e+002
 -0.0000000e+000
  6.1082215e-015
 -2.3187214e+002
  2.3442857e+002
  3.1571429e+002
 -1.1157226e+002
  4.6928211e+001
 -3.8808415e+000
  3.6610007e+001
 -5.0388235e+001
 -1.0702970e+002
  2.2792857e+002
  3.1078571e+002
 -1.5357640e+002
  8.0382900e+000
 -1.1553111e+002
  3.1467322e+001
 -2.5429596e+001
 -1.9111575e+002
  2.4335714e+002
  3.0492857e+002
  0.0000000e+000
  0.0000000e+000
 -2.3187084e+002
 -0.0000000e+000
  6.1082215e-015
 -2.3187214e+002
  2.3414286e+002
  3.1150000e+002
 -1.1157226e+002
  4.6928211e+001
 -3.8808415e+000
  3.6610007e+001
 -5.0388235e+001
 -1.0702970e+002
  2.3221429e+002
  3.0892857e+002
 -1.5357640e+002
  8.0382900e+000
 -1.1553111e+002
  3.1467322e+001
 -2.5429596e+001
 -1.9111575e+002
  2.4214286e+002
  3.0392857e+002
  0.0000000e+000
  0.0000000e+000
 -2.3187084e+002
 -0.0000000e+000
  6.1082215e-015
 -2.3187214e+002
  2.3435714e+002
  3.0707143e+002
 -1.1157226e+002
  4.6928211e+001
 -3.8808415e+000
  3.6610007e+001
 -5.0388235e+001
 -1.0702970e+002
  2.3450000e+002
  3.0771429e+002
 -1.5357640e+002
  8.0382900e+000
 -1.1553111e+002
  3.1467322e+001
 -2.5429596e+001
 -1.9111575e+002
  2.4121429e+002
  3.0235714e+002
  0.0000000e+000
  0.0000000e+000
 -2.3187084e+002
 -0.0000000e+000
  6.1082215e-015
 -2.3187214e+002
  2.3485714e+002
  3.1028571e+002
 -1.1157226e+002
  4.6928211e+001
 -3.8808415e+000
  3.6610007e+001
 -5.0388235e+001
 -1.0702970e+002
  2.3057143e+002
  3.0907143e+002
 -1.5357640e+002
  8.0382900e+000
 -1.1553111e+002
  3.1467322e+001
 -2.5429596e+001
 -1.9111575e+002
  2.4192857e+002
  3.0228571e+002
  0.0000000e+000
  0.0000000e+000
 -2.3187084e+002
 -0.0000000e+000
  6.1082215e-015
 -2.3187214e+002
  2.3471429e+002
  3.1307143e+002
 -1.1157226e+002
  4.6928211e+001
 -3.8808415e+000
  3.6610007e+001
 -5.0388235e+001
 -1.0702970e+002
  2.2700000e+002
  3.0907143e+002
 -1.5357640e+002
  8.0382900e+000
 -1.1553111e+002
  3.1467322e+001
 -2.5429596e+001
 -1.9111575e+002
  2.4242857e+002
  3.0292857e+002
  0.0000000e+000
  0.0000000e+000
 -2.3187084e+002
 -0.0000000e+000
  6.1082215e-015
 -2.3187214e+002
  2.4085714e+002
  3.1107143e+002
 -1.1157226e+002
  4.6928211e+001
 -3.8808415e+000
  3.6610007e+001
 -5.0388235e+001
 -1.0702970e+002
  2.2378571e+002
  3.0992857e+002
 -1.5357640e+002
  8.0382900e+000
 -1.1553111e+002
  3.1467322e+001
 -2.5429596e+001
 -1.9111575e+002
  2.4328571e+002
  3.0500000e+002
  0.0000000e+000
  0.0000000e+000
 -2.3187084e+002
 -0.0000000e+000
  6.1082215e-015
 -2.3187214e+002
  2.4357143e+002
  3.1264286e+002
 -1.1157226e+002
  4.6928211e+001
 -3.8808415e+000
  3.6610007e+001
 -5.0388235e+001
 -1.0702970e+002
  2.2357143e+002
  3.1114286e+002
 -1.5357640e+002
  8.0382900e+000
 -1.1553111e+002
  3.1467322e+001
 -2.5429596e+001
 -1.9111575e+002
  2.4428571e+002
  3.0671429e+002
  0.0000000e+000
  0.0000000e+000
 -2.3187084e+002
 -0.0000000e+000
  6.1082215e-015
 -2.3187214e+002
  2.4785714e+002
  3.1285714e+002
 -1.1157226e+002
  4.6928211e+001
 -3.8808415e+000
  3.6610007e+001
 -5.0388235e+001
 -1.0702970e+002
  2.2342857e+002
  3.1235714e+002
 -1.5357640e+002
  8.0382900e+000
 -1.1553111e+002
  3.1467322e+001
 -2.5429596e+001
 -1.9111575e+002
  2.4414286e+002
  3.0978571e+002
  0.0000000e+000
  0.0000000e+000
 -2.3187084e+002
 -0.0000000e+000
  6.1082215e-015
 -2.3187214e+002
  2.5607143e+002
  3.1278571e+002
 -1.1157226e+002
  4.6928211e+001
 -3.8808415e+000
  3.6610007e+001
 -5.0388235e+001
 -1.0702970e+002
  2.2378571e+002
  3.1521429e+002
 -1.5357640e+002
  8.0382900e+000
 -1.1553111e+002
  3.1467322e+001
 -2.5429596e+001
 -1.9111575e+002
  2.4464286e+002
  3.1200000e+002
  0.0000000e+000
  0.0000000e+000
 -2.3187084e+002
 -0.0000000e+000
  6.1082215e-015
 -2.3187214e+002
  2.6178571e+002
  3.1400000e+002
 -1.1157226e+002
  4.6928211e+001
 -3.8808415e+000
  3.6610007e+001
 -5.0388235e+001
 -1.0702970e+002
  2.2628571e+002
  3.1528571e+002
 -1.5357640e+002
  8.0382900e+000
 -1.1553111e+002
  3.1467322e+001
 -2.5429596e+001
 -1.9111575e+002
  2.4450000e+002
  3.1557143e+002
  0.0000000e+000
  0.0000000e+000
 -2.3187084e+002
 -0.0000000e+000
  6.1082215e-015
 -2.3187214e+002
  2.6357143e+002
  3.1021429e+002
 -1.1157226e+002
  4.6928211e+001
 -3.8808415e+000
  3.6610007e+001
 -5.0388235e+001
 -1.0702970e+002
  2.3057143e+002
  3.1342857e+002
 -1.5357640e+002
  8.0382900e+000
 -1.1553111e+002
  3.1467322e+001
 -2.5429596e+001
 -1.9111575e+002
  2.4078571e+002
  3.1607143e+002
  0.0000000e+000
  0.0000000e+000
 -2.3187084e+002
 -0.0000000e+000
  6.1082215e-015
 -2.3187214e+002
  2.6278571e+002
  3.0542857e+002
 -1.1157226e+002
  4.6928211e+001
 -3.8808415e+000
  3.6610007e+001
 -5.0388235e+001
 -1.0702970e+002
  2.3478571e+002
  3.1064286e+002
 -1.5357640e+002
  8.0382900e+000
 -1.1553111e+002
  3.1467322e+001
 -2.5429596e+001
 -1.9111575e+002
  2.4200000e+002
  3.1164286e+002
  0.0000000e+000
  0.0000000e+000
 -2.3187084e+002
 -0.0000000e+000
  6.1082215e-015
 -2.3187214e+002
  2.6071429e+002
  3.0292857e+002
 -1.1157226e+002
  4.6928211e+001
 -3.8808415e+000
  3.6610007e+001
 -5.0388235e+001
 -1.0702970e+002
  2.3978571e+002
  3.0857143e+002
 -1.5357640e+002
  8.0382900e+000
 -1.1553111e+002
  3.1467322e+001
 -2.5429596e+001
 -1.9111575e+002
  2.4600000e+002
  3.0735714e+002
  0.0000000e+000
  0.0000000e+000
 -2.3187084e+002
 -0.0000000e+000
  6.1082215e-015
 -2.3187214e+002
  2.5771429e+002
  3.0214286e+002
 -1.1157226e+002
  4.6928211e+001
 -3.8808415e+000
  3.6610007e+001
 -5.0388235e+001
 -1.0702970e+002
  2.4228571e+002
  3.0757143e+002
 -1.5357640e+002
  8.0382900e+000
 -1.1553111e+002
  3.1467322e+001
 -2.5429596e+001
 -1.9111575e+002
  2.4935714e+002
  3.0421429e+002
  0.0000000e+000
  0.0000000e+000
 -2.3187084e+002
 -0.0000000e+000
  6.1082215e-015
 -2.3187214e+002
  2.5464286e+002
  3.0478571e+002
 -1.1157226e+002
  4.6928211e+001
 -3.8808415e+000
  3.6610007e+001
 -5.0388235e+001
 -1.0702970e+002
  2.4050000e+002
  3.0871429e+002
 -1.5357640e+002
  8.0382900e+000
 -1.1553111e+002
  3.1467322e+001
 -2.5429596e+001
 -1.9111575e+002
  2.5142857e+002
  3.0235714e+002
  0.0000000e+000
  0.0000000e+000
 -2.3187084e+002
 -0.0000000e+000
  6.1082215e-015
 -2.3187214e+002
  2.4892857e+002
  3.0742857e+002
 -1.1157226e+002
  4.6928211e+001
 -3.8808415e+000
  3.6610007e+001
 -5.0388235e+001
 -1.0702970e+002
  2.3564286e+002
  3.1157143e+002
 -1.5357640e+002
  8.0382900e+000
 -1.1553111e+002
  3.1467322e+001
 -2.5429596e+001
 -1.9111575e+002
  2.5028571e+002
  3.0442857e+002
  0.0000000e+000
  0.0000000e+000
 -2.3187084e+002
 -0.0000000e+000
  6.1082215e-015
 -2.3187214e+002
  2.4871429e+002
  3.0614286e+002
 -1.1157226e+002
  4.6928211e+001
 -3.8808415e+000
  3.6610007e+001
 -5.0388235e+001
 -1.0702970e+002
  2.3042857e+002
  3.1264286e+002
 -1.5357640e+002
  8.0382900e+000
 -1.1553111e+002
  3.1467322e+001
 -2.5429596e+001
 -1.9111575e+002
  2.4600000e+002
  3.0742857e+002
  0.0000000e+000
  0.0000000e+000
 -2.3187084e+002
 -0.0000000e+000
  6.1082215e-015
 -2.3187214e+002
  2.4885714e+002
  3.0621429e+002
 -1.1157226e+002
  4.6928211e+001
 -3.8808415e+000
  3.6610007e+001
 -5.0388235e+001
 -1.0702970e+002
  2.2457143e+002
  3.1142857e+002
 -1.5357640e+002
  8.0382900e+000
 -1.1553111e+002
  3.1467322e+001
 -2.5429596e+001
 -1.9111575e+002
  2.3921429e+002
  3.0735714e+002
  0.0000000e+000
  0.0000000e+000
 -2.3187084e+002
 -0.0000000e+000
  6.1082215e-015
 -2.3187214e+002
  2.4035714e+002
  3.0078571e+002
 -1.1157226e+002
  4.6928211e+001
 -3.8808415e+000
  3.6610007e+001
 -5.0388235e+001
 -1.0702970e+002
  2.1914286e+002
  3.1114286e+002
 -1.5357640e+002
  8.0382900e+000
 -1.1553111e+002
  3.1467322e+001
 -2.5429596e+001
 -1.9111575e+002
  2.4321429e+002
  3.0735714e+002
  0.0000000e+000
  0.0000000e+000
 -2.3187084e+002
 -0.0000000e+000
  6.1082215e-015
 -2.3187214e+002
  2.3392857e+002
  3.0450000e+002
 -1.1157226e+002
  4.6928211e+001
 -3.8808415e+000
  3.6610007e+001
 -5.0388235e+001
 -1.0702970e+002
  2.1921429e+002
  3.0957143e+002
 -1.5357640e+002
  8.0382900e+000
 -1.1553111e+002
  3.1467322e+001
 -2.5429596e+001
 -1.9111575e+002
  2.4278571e+002
  3.0750000e+002
  0.0000000e+000
  0.0000000e+000
 -2.3187084e+002
 -0.0000000e+000
  6.1082215e-015
 -2.3187214e+002
  2.3128571e+002
  3.0842857e+002
 -1.1157226e+002
  4.6928211e+001
 -3.8808415e+000
  3.6610007e+001
 -5.0388235e+001
 -1.0702970e+002
  2.2007143e+002
  3.0807143e+002
 -1.5357640e+002
  8.0382900e+000
 -1.1553111e+002
  3.1467322e+001
 -2.5429596e+001
 -1.9111575e+002
  2.4135714e+002
  3.0671429e+002
  0.0000000e+000
  0.0000000e+000
 -2.3187084e+002
 -0.0000000e+000
  6.1082215e-015
 -2.3187214e+002
  2.3221429e+002
  3.0914286e+002
 -1.1157226e+002
  4.6928211e+001
 -3.8808415e+000
  3.6610007e+001
 -5.0388235e+001
 -1.0702970e+002
  2.2421429e+002
  3.0707143e+002
 -1.5357640e+002
  8.0382900e+000
 -1.1553111e+002
  3.1467322e+001
 -2.5429596e+001
 -1.9111575e+002
  2.4092857e+002
  3.0735714e+002
  0.0000000e+000
  0.0000000e+000
 -2.3187084e+002
 -0.0000000e+000
  6.1082215e-015
 -2.3187214e+002
  2.5000000e+002
  3.0950000e+002
 -1.1157226e+002
  4.6928211e+001
 -3.8808415e+000
  3.6610007e+001
 -5.0388235e+001
 -1.0702970e+002
  2.2771429e+002
  3.0628571e+002
 -1.5357640e+002
  8.0382900e+000
 -1.1553111e+002
  3.1467322e+001
 -2.5429596e+001
 -1.9111575e+002
  2.3978571e+002
  3.0642857e+002
  0.0000000e+000
  0.0000000e+000
 -2.3187084e+002
 -0.0000000e+000
  6.1082215e-015
 -2.3187214e+002
  2.6228571e+002
  3.0942857e+002
 -1.1157226e+002
  4.6928211e+001
 -3.8808415e+000
  3.6610007e+001
 -5.0388235e+001
 -1.0702970e+002
  2.2650000e+002
  3.0800000e+002
 -1.5357640e+002
  8.0382900e+000
 -1.1553111e+002
  3.1467322e+001
 -2.5429596e+001
 -1.9111575e+002
  2.3657143e+002
  3.0492857e+002
  0.0000000e+000
  0.0000000e+000
 -2.3187084e+002
 -0.0000000e+000
  6.1082215e-015
 -2.3187214e+002
  2.7735714e+002
  3.1228571e+002
 -1.1157226e+002
  4.6928211e+001
 -3.8808415e+000
  3.6610007e+001
 -5.0388235e+001
 -1.0702970e+002
  2.2492857e+002
  3.1164286e+002
 -1.5357640e+002
  8.0382900e+000
 -1.1553111e+002
  3.1467322e+001
 -2.5429596e+001
 -1.9111575e+002
  2.3650000e+002
  3.0778571e+002
  0.0000000e+000
  0.0000000e+000
 -2.3187084e+002
 -0.0000000e+000
  6.1082215e-015
 -2.3187214e+002
  2.8735714e+002
  3.0935714e+002
 -1.1157226e+002
  4.6928211e+001
 -3.8808415e+000
  3.6610007e+001
 -5.0388235e+001
 -1.0702970e+002
  2.2507143e+002
  3.1721429e+002
 -1.5357640e+002
  8.0382900e+000
 -1.1553111e+002
  3.1467322e+001
 -2.5429596e+001
 -1.9111575e+002
  2.3871429e+002
  3.1214286e+002
  0.0000000e+000
  0.0000000e+000
 -2.3187084e+002
 -0.0000000e+000
  6.1082215e-015
 -2.3187214e+002
  2.8871429e+002
  3.0542857e+002
 -1.1157226e+002
  4.6928211e+001
 -3.8808415e+000
  3.6610007e+001
 -5.0388235e+001
 -1.0702970e+002
  2.2792857e+002
  3.1421429e+002
 -1.5357640e+002
  8.0382900e+000
 -1.1553111e+002
  3.1467322e+001
 -2.5429596e+001
 -1.9111575e+002
  2.4100000e+002
  3.0935714e+002
  0.0000000e+000
  0.0000000e+000
 -2.3187084e+002
 -0.0000000e+000
  6.1082215e-015
 -2.3187214e+002
  2.8207143e+002
  3.0721429e+002
 -1.1157226e+002
  4.6928211e+001
 -3.8808415e+000
  3.6610007e+001
 -5.0388235e+001
 -1.0702970e+002
  2.3121429e+002
  3.1107143e+002
 -1.5357640e+002
  8.0382900e+000
 -1.1553111e+002
  3.1467322e+001
 -2.5429596e+001
 -1.9111575e+002
  2.4135714e+002
  3.0814286e+002
  0.0000000e+000
  0.0000000e+000
 -2.3187084e+002
 -0.0000000e+000
  6.1082215e-015
 -2.3187214e+002
  2.6957143e+002
  3.0842857e+002
 -1.1157226e+002
  4.6928211e+001
 -3.8808415e+000
  3.6610007e+001
 -5.0388235e+001
 -1.0702970e+002
  2.3178571e+002
  3.0900000e+002
 -1.5357640e+002
  8.0382900e+000
 -1.1553111e+002
  3.1467322e+001
 -2.5429596e+001
 -1.9111575e+002
  2.4371429e+002
  3.0628571e+002
  0.0000000e+000
  0.0000000e+000
 -2.3187084e+002
 -0.0000000e+000
  6.1082215e-015
 -2.3187214e+002
  2.5150000e+002
  3.0642857e+002
 -1.1157226e+002
  4.6928211e+001
 -3.8808415e+000
  3.6610007e+001
 -5.0388235e+001
 -1.0702970e+002
  2.2457143e+002
  3.0692857e+002
 -1.5357640e+002
  8.0382900e+000
 -1.1553111e+002
  3.1467322e+001
 -2.5429596e+001
 -1.9111575e+002
  2.4650000e+002
  3.0385714e+002
  0.0000000e+000
  0.0000000e+000
 -2.3187084e+002
 -0.0000000e+000
  6.1082215e-015
 -2.3187214e+002
  2.4592857e+002
  3.0100000e+002
 -1.1157226e+002
  4.6928211e+001
 -3.8808415e+000
  3.6610007e+001
 -5.0388235e+001
 -1.0702970e+002
  2.2142857e+002
  3.0814286e+002
 -1.5357640e+002
  8.0382900e+000
 -1.1553111e+002
  3.1467322e+001
 -2.5429596e+001
 -1.9111575e+002
  2.4528571e+002
  3.0192857e+002
  0.0000000e+000
  0.0000000e+000
 -2.3187084e+002
 -0.0000000e+000
  6.1082215e-015
 -2.3187214e+002
  2.5500000e+002
  2.9728571e+002
 -1.1157226e+002
  4.6928211e+001
 -3.8808415e+000
  3.6610007e+001
 -5.0388235e+001
 -1.0702970e+002
  2.2035714e+002
  3.1164286e+002
 -1.5357640e+002
  8.0382900e+000
 -1.1553111e+002
  3.1467322e+001
 -2.5429596e+001
 -1.9111575e+002
  2.4550000e+002
  3.0307143e+002
  0.0000000e+000
  0.0000000e+000
 -2.3187084e+002
 -0.0000000e+000
  6.1082215e-015
 -2.3187214e+002
  2.6364286e+002
  3.0107143e+002
 -1.1157226e+002
  4.6928211e+001
 -3.8808415e+000
  3.6610007e+001
 -5.0388235e+001
 -1.0702970e+002
  2.1878571e+002
  3.1207143e+002
 -1.5357640e+002
  8.0382900e+000
 -1.1553111e+002
  3.1467322e+001
 -2.5429596e+001
 -1.9111575e+002
  2.4507143e+002
  3.1064286e+002
  0.0000000e+000
  0.0000000e+000
 -2.3187084e+002
 -0.0000000e+000
  6.1082215e-015
 -2.3187214e+002
  2.6871429e+002
  3.0085714e+002
 -1.1157226e+002
  4.6928211e+001
 -3.8808415e+000
  3.6610007e+001
 -5.0388235e+001
 -1.0702970e+002
  2.1935714e+002
  3.1000000e+002
 -1.5357640e+002
  8.0382900e+000
 -1.1553111e+002
  3.1467322e+001
 -2.5429596e+001
 -1.9111575e+002
  2.4428571e+002
  3.1292857e+002
  0.0000000e+000
  0.0000000e+000
 -2.3187084e+002
 -0.0000000e+000
  6.1082215e-015
 -2.3187214e+002
  2.7107143e+002
  2.9814286e+002
 -1.1157226e+002
  4.6928211e+001
 -3.8808415e+000
  3.6610007e+001
 -5.0388235e+001
 -1.0702970e+002
  2.2350000e+002
  3.0785714e+002
 -1.5357640e+002
  8.0382900e+000
 -1.1553111e+002
  3.1467322e+001
 -2.5429596e+001
 -1.9111575e+002
  2.3892857e+002
  3.0950000e+002
  0.0000000e+000
  0.0000000e+000
 -2.3187084e+002
 -0.0000000e+000
  6.1082215e-015
 -2.3187214e+002
  2.6707143e+002
  2.9885714e+002
 -1.1157226e+002
  4.6928211e+001
 -3.8808415e+000
  3.6610007e+001
 -5.0388235e+001
 -1.0702970e+002
  2.2928571e+002
  3.0692857e+002
 -1.5357640e+002
  8.0382900e+000
 -1.1553111e+002
  3.1467322e+001
 -2.5429596e+001
 -1.9111575e+002
  2.3442857e+002
  3.0685714e+002
  0.0000000e+000
  0.0000000e+000
 -2.3187084e+002
 -0.0000000e+000
  6.1082215e-015
 -2.3187214e+002
  2.5471429e+002
  3.0264286e+002
 -1.1157226e+002
  4.6928211e+001
 -3.8808415e+000
  3.6610007e+001
 -5.0388235e+001
 -1.0702970e+002
  2.3335714e+002
  3.0742857e+002
 -1.5357640e+002
  8.0382900e+000
 -1.1553111e+002
  3.1467322e+001
 -2.5429596e+001
 -1.9111575e+002
  2.3342857e+002
  3.0650000e+002
  0.0000000e+000
  0.0000000e+000
 -2.3187084e+002
 -0.0000000e+000
  6.1082215e-015
 -2.3187214e+002
  2.5100000e+002
  3.0471429e+002
 -1.1157226e+002
  4.6928211e+001
 -3.8808415e+000
  3.6610007e+001
 -5.0388235e+001
 -1.0702970e+002
  2.3464286e+002
  3.0835714e+002
 -1.5357640e+002
  8.0382900e+000
 -1.1553111e+002
  3.1467322e+001
 -2.5429596e+001
 -1.9111575e+002
  2.3378571e+002
  3.0621429e+002
  0.0000000e+000
  0.0000000e+000
 -2.3187084e+002
 -0.0000000e+000
  6.1082215e-015
 -2.3187214e+002
  2.6921429e+002
  3.0642857e+002
 -1.1157226e+002
  4.6928211e+001
 -3.8808415e+000
  3.6610007e+001
 -5.0388235e+001
 -1.0702970e+002
  2.3214286e+002
  3.1150000e+002
 -1.5357640e+002
  8.0382900e+000
 -1.1553111e+002
  3.1467322e+001
 -2.5429596e+001
 -1.9111575e+002
  2.3478571e+002
  3.0821429e+002
  0.0000000e+000
  0.0000000e+000
 -2.3187084e+002
 -0.0000000e+000
  6.1082215e-015
 -2.3187214e+002
  2.8100000e+002
  3.1357143e+002
 -1.1157226e+002
  4.6928211e+001
 -3.8808415e+000
  3.6610007e+001
 -5.0388235e+001
 -1.0702970e+002
  2.3078571e+002
  3.1714286e+002
 -1.5357640e+002
  8.0382900e+000
 -1.1553111e+002
  3.1467322e+001
 -2.5429596e+001
 -1.9111575e+002
  2.3771429e+002
  3.1521429e+002
  0.0000000e+000
  0.0000000e+000
 -2.3187084e+002
 -0.0000000e+000
  6.1082215e-015
 -2.3187214e+002
  2.8642857e+002
  3.1071429e+002
 -1.1157226e+002
  4.6928211e+001
 -3.8808415e+000
  3.6610007e+001
 -5.0388235e+001
 -1.0702970e+002
  2.3285714e+002
  3.1614286e+002
 -1.5357640e+002
  8.0382900e+000
 -1.1553111e+002
  3.1467322e+001
 -2.5429596e+001
 -1.9111575e+002
  2.4035714e+002
  3.1435714e+002
  0.0000000e+000
  0.0000000e+000
 -2.3187084e+002
 -0.0000000e+000
  6.1082215e-015
 -2.3187214e+002
  2.9014286e+002
  3.0728571e+002
 -1.1157226e+002
  4.6928211e+001
 -3.8808415e+000
  3.6610007e+001
 -5.0388235e+001
 -1.0702970e+002
  2.3528571e+002
  3.1714286e+002
 -1.5357640e+002
  8.0382900e+000
 -1.1553111e+002
  3.1467322e+001
 -2.5429596e+001
 -1.9111575e+002
  2.4192857e+002
  3.1071429e+002
  0.0000000e+000
  0.0000000e+000
 -2.3187084e+002
 -0.0000000e+000
  6.1082215e-015
 -2.3187214e+002
  2.8492857e+002
  3.0678571e+002
 -1.1157226e+002
  4.6928211e+001
 -3.8808415e+000
  3.6610007e+001
 -5.0388235e+001
 -1.0702970e+002
  2.3700000e+002
  3.1557143e+002
 -1.5357640e+002
  8.0382900e+000
 -1.1553111e+002
  3.1467322e+001
 -2.5429596e+001
 -1.9111575e+002
  2.4321429e+002
  3.0900000e+002
  0.0000000e+000
  0.0000000e+000
 -2.3187084e+002
 -0.0000000e+000
  6.1082215e-015
 -2.3187214e+002
  2.6935714e+002
  3.0678571e+002
 -1.1157226e+002
  4.6928211e+001
 -3.8808415e+000
  3.6610007e+001
 -5.0388235e+001
 -1.0702970e+002
  2.3578571e+002
  3.1535714e+002
 -1.5357640e+002
  8.0382900e+000
 -1.1553111e+002
  3.1467322e+001
 -2.5429596e+001
 -1.9111575e+002
  2.4200000e+002
  3.0878571e+002
  0.0000000e+000
  0.0000000e+000
 -2.3187084e+002
 -0.0000000e+000
  6.1082215e-015
 -2.3187214e+002
  2.4835714e+002
  3.0878571e+002
 -1.1157226e+002
  4.6928211e+001
 -3.8808415e+000
  3.6610007e+001
 -5.0388235e+001
 -1.0702970e+002
  2.3200000e+002
  3.1721429e+002
 -1.5357640e+002
  8.0382900e+000
 -1.1553111e+002
  3.1467322e+001
 -2.5429596e+001
 -1.9111575e+002
  2.3928571e+002
  3.0957143e+002
  0.0000000e+000
  0.0000000e+000
 -2.3187084e+002
 -0.0000000e+000
  6.1082215e-015
 -2.3187214e+002
  2.3114286e+002
  3.1142857e+002
 -1.1157226e+002
  4.6928211e+001
 -3.8808415e+000
  3.6610007e+001
 -5.0388235e+001
 -1.0702970e+002
  2.3221429e+002
  3.1957143e+002
 -1.5357640e+002
  8.0382900e+000
 -1.1553111e+002
  3.1467322e+001
 -2.5429596e+001
 -1.9111575e+002
  2.3614286e+002
  3.1114286e+002
  0.0000000e+000
  0.0000000e+000
 -2.3187084e+002
 -0.0000000e+000
  6.1082215e-015
 -2.3187214e+002
  2.3750000e+002
  3.1700000e+002
 -1.1157226e+002
  4.6928211e+001
 -3.8808415e+000
  3.6610007e+001
 -5.0388235e+001
 -1.0702970e+002
  2.3000000e+002
  3.1421429e+002
 -1.5357640e+002
  8.0382900e+000
 -1.1553111e+002
  3.1467322e+001
 -2.5429596e+001
 -1.9111575e+002
  2.3778571e+002
  3.1614286e+002
  0.0000000e+000
  0.0000000e+000
 -2.3187084e+002
 -0.0000000e+000
  6.1082215e-015
 -2.3187214e+002
  2.4292857e+002
  3.1528571e+002
 -1.1157226e+002
  4.6928211e+001
 -3.8808415e+000
  3.6610007e+001
 -5.0388235e+001
 -1.0702970e+002
  2.3300000e+002
  3.1121429e+002
 -1.5357640e+002
  8.0382900e+000
 -1.1553111e+002
  3.1467322e+001
 -2.5429596e+001
 -1.9111575e+002
  2.3857143e+002
  3.2028571e+002
  0.0000000e+000
  0.0000000e+000
 -2.3187084e+002
 -0.0000000e+000
  6.1082215e-015
 -2.3187214e+002
  2.4664286e+002
  3.1300000e+002
 -1.1157226e+002
  4.6928211e+001
 -3.8808415e+000
  3.6610007e+001
 -5.0388235e+001
 -1.0702970e+002
  2.3328571e+002
  3.1121429e+002
 -1.5357640e+002
  8.0382900e+000
 -1.1553111e+002
  3.1467322e+001
 -2.5429596e+001
 -1.9111575e+002
  2.3885714e+002
  3.2021429e+002
  0.0000000e+000
  0.0000000e+000
 -2.3187084e+002
 -0.0000000e+000
  6.1082215e-015
 -2.3187214e+002
  2.3985714e+002
  3.1621429e+002
 -1.1157226e+002
  4.6928211e+001
 -3.8808415e+000
  3.6610007e+001
 -5.0388235e+001
 -1.0702970e+002
  2.3450000e+002
  3.1321429e+002
 -1.5357640e+002
  8.0382900e+000
 -1.1553111e+002
  3.1467322e+001
 -2.5429596e+001
 -1.9111575e+002
  2.4150000e+002
  3.2071429e+002
  0.0000000e+000
  0.0000000e+000
 -2.3187084e+002
 -0.0000000e+000
  6.1082215e-015
 -2.3187214e+002
  2.4264286e+002
  3.1171429e+002
 -1.1157226e+002
  4.6928211e+001
 -3.8808415e+000
  3.6610007e+001
 -5.0388235e+001
 -1.0702970e+002
  2.3242857e+002
  3.1557143e+002
 -1.5357640e+002
  8.0382900e+000
 -1.1553111e+002
  3.1467322e+001
 -2.5429596e+001
 -1.9111575e+002
  2.4250000e+002
  3.2221429e+002
  0.0000000e+000
  0.0000000e+000
 -2.3187084e+002
 -0.0000000e+000
  6.1082215e-015
 -2.3187214e+002
  2.3857143e+002
  3.0914286e+002
 -1.1157226e+002
  4.6928211e+001
 -3.8808415e+000
  3.6610007e+001
 -5.0388235e+001
 -1.0702970e+002
  2.3307143e+002
  3.1650000e+002
 -1.5357640e+002
  8.0382900e+000
 -1.1553111e+002
  3.1467322e+001
 -2.5429596e+001
 -1.9111575e+002
  2.3992857e+002
  3.2000000e+002
  0.0000000e+000
  0.0000000e+000
 -2.3187084e+002
 -0.0000000e+000
  6.1082215e-015
 -2.3187214e+002
  2.3485714e+002
  3.1135714e+002
 -1.1157226e+002
  4.6928211e+001
 -3.8808415e+000
  3.6610007e+001
 -5.0388235e+001
 -1.0702970e+002
  2.3564286e+002
  3.1585714e+002
 -1.5357640e+002
  8.0382900e+000
 -1.1553111e+002
  3.1467322e+001
 -2.5429596e+001
 -1.9111575e+002
  2.3792857e+002
  3.2014286e+002
  0.0000000e+000
  0.0000000e+000
 -2.3187084e+002
 -0.0000000e+000
  6.1082215e-015
 -2.3187214e+002
  2.3350000e+002
  3.1257143e+002
 -1.1157226e+002
  4.6928211e+001
 -3.8808415e+000
  3.6610007e+001
 -5.0388235e+001
 -1.0702970e+002
  2.3628571e+002
  3.1507143e+002
 -1.5357640e+002
  8.0382900e+000
 -1.1553111e+002
  3.1467322e+001
 -2.5429596e+001
 -1.9111575e+002
  2.3757143e+002
  3.1742857e+002
  0.0000000e+000
  0.0000000e+000
 -2.3187084e+002
 -0.0000000e+000
  6.1082215e-015
 -2.3187214e+002
  2.2350000e+002
  3.1092857e+002
 -1.1157226e+002
  4.6928211e+001
 -3.8808415e+000
  3.6610007e+001
 -5.0388235e+001
 -1.0702970e+002
  2.3750000e+002
  3.1300000e+002
 -1.5357640e+002
  8.0382900e+000
 -1.1553111e+002
  3.1467322e+001
 -2.5429596e+001
 -1.9111575e+002
  2.3557143e+002
  3.1500000e+002
  0.0000000e+000
  0.0000000e+000
 -2.3187084e+002
 -0.0000000e+000
  6.1082215e-015
 -2.3187214e+002
  2.1814286e+002
  3.0764286e+002
 -1.1157226e+002
  4.6928211e+001
 -3.8808415e+000
  3.6610007e+001
 -5.0388235e+001
 -1.0702970e+002
  2.3550000e+002
  3.1357143e+002
 -1.5357640e+002
  8.0382900e+000
 -1.1553111e+002
  3.1467322e+001
 -2.5429596e+001
 -1.9111575e+002
  2.3235714e+002
  3.1578571e+002
  0.0000000e+000
  0.0000000e+000
 -2.3187084e+002
 -0.0000000e+000
  6.1082215e-015
 -2.3187214e+002
  2.0357143e+002
  3.0657143e+002
 -1.1157226e+002
  4.6928211e+001
 -3.8808415e+000
  3.6610007e+001
 -5.0388235e+001
 -1.0702970e+002
  2.3357143e+002
  3.1535714e+002
 -1.5357640e+002
  8.0382900e+000
 -1.1553111e+002
  3.1467322e+001
 -2.5429596e+001
 -1.9111575e+002
  2.2678571e+002
  3.2014286e+002
  0.0000000e+000
  0.0000000e+000
 -2.3187084e+002
 -0.0000000e+000
  6.1082215e-015
 -2.3187214e+002
  2.0014286e+002
  3.1128571e+002
 -1.1157226e+002
  4.6928211e+001
 -3.8808415e+000
  3.6610007e+001
 -5.0388235e+001
 -1.0702970e+002
  2.2864286e+002
  3.1478571e+002
 -1.5357640e+002
  8.0382900e+000
 -1.1553111e+002
  3.1467322e+001
 -2.5429596e+001
 -1.9111575e+002
  2.1900000e+002
  3.2114286e+002
  0.0000000e+000
  0.0000000e+000
 -2.3187084e+002
 -0.0000000e+000
  6.1082215e-015
 -2.3187214e+002
  2.1000000e+002
  3.1735714e+002
 -1.1157226e+002
  4.6928211e+001
 -3.8808415e+000
  3.6610007e+001
 -5.0388235e+001
 -1.0702970e+002
  2.2228571e+002
  3.1421429e+002
 -1.5357640e+002
  8.0382900e+000
 -1.1553111e+002
  3.1467322e+001
 -2.5429596e+001
 -1.9111575e+002
  2.1471429e+002
  3.2264286e+002
  0.0000000e+000
  0.0000000e+000
 -2.3187084e+002
 -0.0000000e+000
  6.1082215e-015
 -2.3187214e+002
  2.1650000e+002
  3.1735714e+002
 -1.1157226e+002
  4.6928211e+001
 -3.8808415e+000
  3.6610007e+001
 -5.0388235e+001
 -1.0702970e+002
  2.1471429e+002
  3.1450000e+002
 -1.5357640e+002
  8.0382900e+000
 -1.1553111e+002
  3.1467322e+001
 -2.5429596e+001
 -1.9111575e+002
  2.0907143e+002
  3.2421429e+002
  0.0000000e+000
  0.0000000e+000
 -2.3187084e+002
 -0.0000000e+000
  6.1082215e-015
 -2.3187214e+002
  2.2342857e+002
  3.1578571e+002
 -1.1157226e+002
  4.6928211e+001
 -3.8808415e+000
  3.6610007e+001
 -5.0388235e+001
 -1.0702970e+002
  2.1028571e+002
  3.1614286e+002
 -1.5357640e+002
  8.0382900e+000
 -1.1553111e+002
  3.1467322e+001
 -2.5429596e+001
 -1.9111575e+002
  2.0178571e+002
  3.2557143e+002
  0.0000000e+000
  0.0000000e+000
 -2.3187084e+002
 -0.0000000e+000
  6.1082215e-015
 -2.3187214e+002
  2.2857143e+002
  3.1628571e+002
 -1.1157226e+002
  4.6928211e+001
 -3.8808415e+000
  3.6610007e+001
 -5.0388235e+001
 -1.0702970e+002
  2.1014286e+002
  3.1442857e+002
 -1.5357640e+002
  8.0382900e+000
 -1.1553111e+002
  3.1467322e+001
 -2.5429596e+001
 -1.9111575e+002
  1.9807143e+002
  3.2814286e+002
  0.0000000e+000
  0.0000000e+000
 -2.3187084e+002
 -0.0000000e+000
  6.1082215e-015
 -2.3187214e+002
  2.3692857e+002
  3.2185714e+002
 -1.1157226e+002
  4.6928211e+001
 -3.8808415e+000
  3.6610007e+001
 -5.0388235e+001
 -1.0702970e+002
  2.1485714e+002
  3.1378571e+002
 -1.5357640e+002
  8.0382900e+000
 -1.1553111e+002
  3.1467322e+001
 -2.5429596e+001
 -1.9111575e+002
  1.9978571e+002
  3.2742857e+002
  0.0000000e+000
  0.0000000e+000
 -2.3187084e+002
 -0.0000000e+000
  6.1082215e-015
 -2.3187214e+002
  2.4050000e+002
  3.2657143e+002
 -1.1157226e+002
  4.6928211e+001
 -3.8808415e+000
  3.6610007e+001
 -5.0388235e+001
 -1.0702970e+002
  2.1971429e+002
  3.1578571e+002
 -1.5357640e+002
  8.0382900e+000
 -1.1553111e+002
  3.1467322e+001
 -2.5429596e+001
 -1.9111575e+002
  2.0821429e+002
  3.2557143e+002
  0.0000000e+000
  0.0000000e+000
 -2.3187084e+002
 -0.0000000e+000
  6.1082215e-015
 -2.3187214e+002
  2.3214286e+002
  3.2357143e+002
 -1.1157226e+002
  4.6928211e+001
 -3.8808415e+000
  3.6610007e+001
 -5.0388235e+001
 -1.0702970e+002
  2.2692857e+002
  3.1750000e+002
 -1.5357640e+002
  8.0382900e+000
 -1.1553111e+002
  3.1467322e+001
 -2.5429596e+001
 -1.9111575e+002
  2.2285714e+002
  3.2228571e+002
  0.0000000e+000
  0.0000000e+000
 -2.3187084e+002
 -0.0000000e+000
  6.1082215e-015
 -2.3187214e+002
  2.2528571e+002
  3.1714286e+002
 -1.1157226e+002
  4.6928211e+001
 -3.8808415e+000
  3.6610007e+001
 -5.0388235e+001
 -1.0702970e+002
  2.3392857e+002
  3.2071429e+002
 -1.5357640e+002
  8.0382900e+000
 -1.1553111e+002
  3.1467322e+001
 -2.5429596e+001
 -1.9111575e+002
  2.3285714e+002
  3.1892857e+002
  0.0000000e+000
  0.0000000e+000
 -2.3187084e+002
 -0.0000000e+000
  6.1082215e-015
 -2.3187214e+002
  2.2542857e+002
  3.1207143e+002
 -1.1157226e+002
  4.6928211e+001
 -3.8808415e+000
  3.6610007e+001
 -5.0388235e+001
 -1.0702970e+002
  2.2985714e+002
  3.2335714e+002
 -1.5357640e+002
  8.0382900e+000
 -1.1553111e+002
  3.1467322e+001
 -2.5429596e+001
 -1.9111575e+002
  2.2157143e+002
  3.1578571e+002
  0.0000000e+000
  0.0000000e+000
 -2.3187084e+002
 -0.0000000e+000
  6.1082215e-015
 -2.3187214e+002
  2.2578571e+002
  3.0914286e+002
 -1.1157226e+002
  4.6928211e+001
 -3.8808415e+000
  3.6610007e+001
 -5.0388235e+001
 -1.0702970e+002
  2.2371429e+002
  3.1992857e+002
 -1.5357640e+002
  8.0382900e+000
 -1.1553111e+002
  3.1467322e+001
 -2.5429596e+001
 -1.9111575e+002
  2.0914286e+002
  3.1700000e+002
  0.0000000e+000
  0.0000000e+000
 -2.3187084e+002
 -0.0000000e+000
  6.1082215e-015
 -2.3187214e+002
  2.2571429e+002
  3.1221429e+002
 -1.1157226e+002
  4.6928211e+001
 -3.8808415e+000
  3.6610007e+001
 -5.0388235e+001
 -1.0702970e+002
  2.2035714e+002
  3.1400000e+002
 -1.5357640e+002
  8.0382900e+000
 -1.1553111e+002
  3.1467322e+001
 -2.5429596e+001
 -1.9111575e+002
  2.0321429e+002
  3.2564286e+002
  0.0000000e+000
  0.0000000e+000
 -2.3187084e+002
 -0.0000000e+000
  6.1082215e-015
 -2.3187214e+002
  2.2414286e+002
  3.2042857e+002
 -1.1157226e+002
  4.6928211e+001
 -3.8808415e+000
  3.6610007e+001
 -5.0388235e+001
 -1.0702970e+002
  2.2328571e+002
  3.1135714e+002
 -1.5357640e+002
  8.0382900e+000
 -1.1553111e+002
  3.1467322e+001
 -2.5429596e+001
 -1.9111575e+002
  2.0321429e+002
  3.2607143e+002
  0.0000000e+000
  0.0000000e+000
 -2.3187084e+002
 -0.0000000e+000
  6.1082215e-015
 -2.3187214e+002
  2.2785714e+002
  3.2478571e+002
 -1.1157226e+002
  4.6928211e+001
 -3.8808415e+000
  3.6610007e+001
 -5.0388235e+001
 -1.0702970e+002
  2.3071429e+002
  3.1471429e+002
 -1.5357640e+002
  8.0382900e+000
 -1.1553111e+002
  3.1467322e+001
 -2.5429596e+001
 -1.9111575e+002
  2.2107143e+002
  3.2585714e+002
  0.0000000e+000
  0.0000000e+000
 -2.3187084e+002
 -0.0000000e+000
  6.1082215e-015
 -2.3187214e+002
  2.4657143e+002
  3.2314286e+002
 -1.1157226e+002
  4.6928211e+001
 -3.8808415e+000
  3.6610007e+001
 -5.0388235e+001
 -1.0702970e+002
  2.3121429e+002
  3.1778571e+002
 -1.5357640e+002
  8.0382900e+000
 -1.1553111e+002
  3.1467322e+001
 -2.5429596e+001
 -1.9111575e+002
  2.4264286e+002
  3.2235714e+002
  0.0000000e+000
  0.0000000e+000
 -2.3187084e+002
 -0.0000000e+000
  6.1082215e-015
 -2.3187214e+002
  2.2271429e+002
  3.2078571e+002
 -1.1157226e+002
  4.6928211e+001
 -3.8808415e+000
  3.6610007e+001
 -5.0388235e+001
 -1.0702970e+002
  2.2450000e+002
  3.1742857e+002
 -1.5357640e+002
  8.0382900e+000
 -1.1553111e+002
  3.1467322e+001
 -2.5429596e+001
 -1.9111575e+002
  2.5035714e+002
  3.1757143e+002
  0.0000000e+000
  0.0000000e+000
 -2.3187084e+002
 -0.0000000e+000
  6.1082215e-015
 -2.3187214e+002
  2.0071429e+002
  3.1414286e+002
 -1.1157226e+002
  4.6928211e+001
 -3.8808415e+000
  3.6610007e+001
 -5.0388235e+001
 -1.0702970e+002
  2.2014286e+002
  3.1650000e+002
 -1.5357640e+002
  8.0382900e+000
 -1.1553111e+002
  3.1467322e+001
 -2.5429596e+001
 -1.9111575e+002
  2.3200000e+002
  3.1557143e+002
  0.0000000e+000
  0.0000000e+000
 -2.3187084e+002
 -0.0000000e+000
  6.1082215e-015
 -2.3187214e+002
  1.8828571e+002
  3.1078571e+002
 -1.1157226e+002
  4.6928211e+001
 -3.8808415e+000
  3.6610007e+001
 -5.0388235e+001
 -1.0702970e+002
  2.2000000e+002
  3.0807143e+002
 -1.5357640e+002
  8.0382900e+000
 -1.1553111e+002
  3.1467322e+001
 -2.5429596e+001
 -1.9111575e+002
  2.2921429e+002
  3.1292857e+002
  0.0000000e+000
  0.0000000e+000
 -2.3187084e+002
 -0.0000000e+000
  6.1082215e-015
 -2.3187214e+002
  1.7907143e+002
  3.1278571e+002
 -1.1157226e+002
  4.6928211e+001
 -3.8808415e+000
  3.6610007e+001
 -5.0388235e+001
 -1.0702970e+002
  2.2171429e+002
  3.0157143e+002
 -1.5357640e+002
  8.0382900e+000
 -1.1553111e+002
  3.1467322e+001
 -2.5429596e+001
 -1.9111575e+002
  2.3971429e+002
  3.0757143e+002
  0.0000000e+000
  0.0000000e+000
 -2.3187084e+002
 -0.0000000e+000
  6.1082215e-015
 -2.3187214e+002
  1.8150000e+002
  3.1385714e+002
 -1.1157226e+002
  4.6928211e+001
 -3.8808415e+000
  3.6610007e+001
 -5.0388235e+001
 -1.0702970e+002
  2.2950000e+002
  2.9800000e+002
 -1.5357640e+002
  8.0382900e+000
 -1.1553111e+002
  3.1467322e+001
 -2.5429596e+001
 -1.9111575e+002
  2.3614286e+002
  3.0642857e+002
  0.0000000e+000
  0.0000000e+000
 -2.3187084e+002
 -0.0000000e+000
  6.1082215e-015
 -2.3187214e+002
  1.9592857e+002
  3.1121429e+002
 -1.1157226e+002
  4.6928211e+001
 -3.8808415e+000
  3.6610007e+001
 -5.0388235e+001
 -1.0702970e+002
  2.3328571e+002
  3.0342857e+002
 -1.5357640e+002
  8.0382900e+000
 -1.1553111e+002
  3.1467322e+001
 -2.5429596e+001
 -1.9111575e+002
  2.2421429e+002
  3.0850000e+002
  0.0000000e+000
  0.0000000e+000
 -2.3187084e+002
 -0.0000000e+000
  6.1082215e-015
 -2.3187214e+002
  2.1721429e+002
  3.1421429e+002
 -1.1157226e+002
  4.6928211e+001
 -3.8808415e+000
  3.6610007e+001
 -5.0388235e+001
 -1.0702970e+002
  2.2535714e+002
  3.0535714e+002
 -1.5357640e+002
  8.0382900e+000
 -1.1553111e+002
  3.1467322e+001
 -2.5429596e+001
 -1.9111575e+002
  2.1550000e+002
  3.1357143e+002
  0.0000000e+000
  0.0000000e+000
 -2.3187084e+002
 -0.0000000e+000
  6.1082215e-015
 -2.3187214e+002
  2.3507143e+002
  3.1764286e+002
 -1.1157226e+002
  4.6928211e+001
 -3.8808415e+000
  3.6610007e+001
 -5.0388235e+001
 -1.0702970e+002
  2.3371429e+002
  3.0964286e+002
 -1.5357640e+002
  8.0382900e+000
 -1.1553111e+002
  3.1467322e+001
 -2.5429596e+001
 -1.9111575e+002
  2.2300000e+002
  3.1707143e+002
  0.0000000e+000
  0.0000000e+000
 -2.3187084e+002
 -0.0000000e+000
  6.1082215e-015
 -2.3187214e+002
  2.3121429e+002
  3.2192857e+002
 -1.1157226e+002
  4.6928211e+001
 -3.8808415e+000
  3.6610007e+001
 -5.0388235e+001
 -1.0702970e+002
  2.3771429e+002
  3.1257143e+002
 -1.5357640e+002
  8.0382900e+000
 -1.1553111e+002
  3.1467322e+001
 -2.5429596e+001
 -1.9111575e+002
  2.2621429e+002
  3.1728571e+002
  0.0000000e+000
  0.0000000e+000
 -2.3187084e+002
 -0.0000000e+000
  6.1082215e-015
 -2.3187214e+002
  2.4171429e+002
  3.2307143e+002
 -1.1157226e+002
  4.6928211e+001
 -3.8808415e+000
  3.6610007e+001
 -5.0388235e+001
 -1.0702970e+002
  2.3757143e+002
  3.1378571e+002
 -1.5357640e+002
  8.0382900e+000
 -1.1553111e+002
  3.1467322e+001
 -2.5429596e+001
 -1.9111575e+002
  2.3992857e+002
  3.1485714e+002
  0.0000000e+000
  0.0000000e+000
 -2.3187084e+002
 -0.0000000e+000
  6.1082215e-015
 -2.3187214e+002
  2.4828571e+002
  3.1907143e+002
 -1.1157226e+002
  4.6928211e+001
 -3.8808415e+000
  3.6610007e+001
 -5.0388235e+001
 -1.0702970e+002
  2.3992857e+002
  3.1400000e+002
 -1.5357640e+002
  8.0382900e+000
 -1.1553111e+002
  3.1467322e+001
 -2.5429596e+001
 -1.9111575e+002
  2.4714286e+002
  3.1214286e+002
  0.0000000e+000
  0.0000000e+000
 -2.3187084e+002
 -0.0000000e+000
  6.1082215e-015
 -2.3187214e+002
  2.8114286e+002
  3.1200000e+002
 -1.1157226e+002
  4.6928211e+001
 -3.8808415e+000
  3.6610007e+001
 -5.0388235e+001
 -1.0702970e+002
  2.4450000e+002
  3.1285714e+002
 -1.5357640e+002
  8.0382900e+000
 -1.1553111e+002
  3.1467322e+001
 -2.5429596e+001
 -1.9111575e+002
  2.4885714e+002
  3.0928571e+002
  0.0000000e+000
  0.0000000e+000
 -2.3187084e+002
 -0.0000000e+000
  6.1082215e-015
 -2.3187214e+002
  2.9957143e+002
  3.1050000e+002
 -1.1157226e+002
  4.6928211e+001
 -3.8808415e+000
  3.6610007e+001
 -5.0388235e+001
 -1.0702970e+002
  2.4350000e+002
  3.1228571e+002
 -1.5357640e+002
  8.0382900e+000
 -1.1553111e+002
  3.1467322e+001
 -2.5429596e+001
 -1.9111575e+002
  2.4992857e+002
  3.1642857e+002
  0.0000000e+000
  0.0000000e+000
 -2.3187084e+002
 -0.0000000e+000
  6.1082215e-015
 -2.3187214e+002
  3.0057143e+002
  3.2857143e+002
 -1.1157226e+002
  4.6928211e+001
 -3.8808415e+000
  3.6610007e+001
 -5.0388235e+001
 -1.0702970e+002
  2.3664286e+002
  3.1500000e+002
 -1.5357640e+002
  8.0382900e+000
 -1.1553111e+002
  3.1467322e+001
 -2.5429596e+001
 -1.9111575e+002
  2.5114286e+002
  3.3164286e+002
  0.0000000e+000
  0.0000000e+000
 -2.3187084e+002
 -0.0000000e+000
  6.1082215e-015
 -2.3187214e+002
  2.9700000e+002
  3.4435714e+002
 -1.1157226e+002
  4.6928211e+001
 -3.8808415e+000
  3.6610007e+001
 -5.0388235e+001
 -1.0702970e+002
  2.3907143e+002
  3.2578571e+002
 -1.5357640e+002
  8.0382900e+000
 -1.1553111e+002
  3.1467322e+001
 -2.5429596e+001
 -1.9111575e+002
  2.5507143e+002
  3.4364286e+002
  0.0000000e+000
  0.0000000e+000
 -2.3187084e+002
 -0.0000000e+000
  6.1082215e-015
 -2.3187214e+002
  2.9107143e+002
  3.4550000e+002
 -1.1157226e+002
  4.6928211e+001
 -3.8808415e+000
  3.6610007e+001
 -5.0388235e+001
 -1.0702970e+002
  2.4650000e+002
  3.3035714e+002
 -1.5357640e+002
  8.0382900e+000
 -1.1553111e+002
  3.1467322e+001
 -2.5429596e+001
 -1.9111575e+002
  2.6350000e+002
  3.4600000e+002
  0.0000000e+000
  0.0000000e+000
 -2.3187084e+002
 -0.0000000e+000
  6.1082215e-015
 -2.3187214e+002
  2.9142857e+002
  3.3592857e+002
 -1.1157226e+002
  4.6928211e+001
 -3.8808415e+000
  3.6610007e+001
 -5.0388235e+001
 -1.0702970e+002
  2.4928571e+002
  3.2871429e+002
 -1.5357640e+002
  8.0382900e+000
 -1.1553111e+002
  3.1467322e+001
 -2.5429596e+001
 -1.9111575e+002
  2.6907143e+002
  3.2864286e+002
  0.0000000e+000
  0.0000000e+000
 -2.3187084e+002
 -0.0000000e+000
  6.1082215e-015
 -2.3187214e+002
  2.9550000e+002
  3.2900000e+002
 -1.1157226e+002
  4.6928211e+001
 -3.8808415e+000
  3.6610007e+001
 -5.0388235e+001
 -1.0702970e+002
  2.5207143e+002
  3.2285714e+002
 -1.5357640e+002
  8.0382900e+000
 -1.1553111e+002
  3.1467322e+001
 -2.5429596e+001
 -1.9111575e+002
  2.6857143e+002
  3.3050000e+002
  0.0000000e+000
  0.0000000e+000
 -2.3187084e+002
 -0.0000000e+000
  6.1082215e-015
 -2.3187214e+002
  2.9921429e+002
  3.3514286e+002
 -1.1157226e+002
  4.6928211e+001
 -3.8808415e+000
  3.6610007e+001
 -5.0388235e+001
 -1.0702970e+002
  2.4978571e+002
  3.1985714e+002
 -1.5357640e+002
  8.0382900e+000
 -1.1553111e+002
  3.1467322e+001
 -2.5429596e+001
 -1.9111575e+002
  2.7321429e+002
  3.3535714e+002
  0.0000000e+000
  0.0000000e+000
 -2.3187084e+002
 -0.0000000e+000
  6.1082215e-015
 -2.3187214e+002
  2.9692857e+002
  3.2842857e+002
 -1.1157226e+002
  4.6928211e+001
 -3.8808415e+000
  3.6610007e+001
 -5.0388235e+001
 -1.0702970e+002
  2.4521429e+002
  3.1750000e+002
 -1.5357640e+002
  8.0382900e+000
 -1.1553111e+002
  3.1467322e+001
 -2.5429596e+001
 -1.9111575e+002
  2.6764286e+002
  3.3314286e+002
  0.0000000e+000
  0.0000000e+000
 -2.3187084e+002
 -0.0000000e+000
  6.1082215e-015
 -2.3187214e+002
  2.8871429e+002
  3.2114286e+002
 -1.1157226e+002
  4.6928211e+001
 -3.8808415e+000
  3.6610007e+001
 -5.0388235e+001
 -1.0702970e+002
  2.4192857e+002
  3.1607143e+002
 -1.5357640e+002
  8.0382900e+000
 -1.1553111e+002
  3.1467322e+001
 -2.5429596e+001
 -1.9111575e+002
  2.6142857e+002
  3.3050000e+002
  0.0000000e+000
  0.0000000e+000
 -2.3187084e+002
 -0.0000000e+000
  6.1082215e-015
 -2.3187214e+002
  2.7714286e+002
  3.2028571e+002
 -1.1157226e+002
  4.6928211e+001
 -3.8808415e+000
  3.6610007e+001
 -5.0388235e+001
 -1.0702970e+002
  2.3950000e+002
  3.1585714e+002
 -1.5357640e+002
  8.0382900e+000
 -1.1553111e+002
  3.1467322e+001
 -2.5429596e+001
 -1.9111575e+002
  2.5557143e+002
  3.2821429e+002
  0.0000000e+000
  0.0000000e+000
 -2.3187084e+002
 -0.0000000e+000
  6.1082215e-015
 -2.3187214e+002
  2.7371429e+002
  3.2807143e+002
 -1.1157226e+002
  4.6928211e+001
 -3.8808415e+000
  3.6610007e+001
 -5.0388235e+001
 -1.0702970e+002
  2.3664286e+002
  3.1621429e+002
 -1.5357640e+002
  8.0382900e+000
 -1.1553111e+002
  3.1467322e+001
 -2.5429596e+001
 -1.9111575e+002
  2.5285714e+002
  3.2814286e+002
  0.0000000e+000
  0.0000000e+000
 -2.3187084e+002
 -0.0000000e+000
  6.1082215e-015
 -2.3187214e+002
  2.7378571e+002
  3.2850000e+002
 -1.1157226e+002
  4.6928211e+001
 -3.8808415e+000
  3.6610007e+001
 -5.0388235e+001
 -1.0702970e+002
  2.3485714e+002
  3.1478571e+002
 -1.5357640e+002
  8.0382900e+000
 -1.1553111e+002
  3.1467322e+001
 -2.5429596e+001
 -1.9111575e+002
  2.5192857e+002
  3.2635714e+002
  0.0000000e+000
  0.0000000e+000
 -2.3187084e+002
 -0.0000000e+000
  6.1082215e-015
 -2.3187214e+002
  2.7092857e+002
  3.2521429e+002
 -1.1157226e+002
  4.6928211e+001
 -3.8808415e+000
  3.6610007e+001
 -5.0388235e+001
 -1.0702970e+002
  2.3285714e+002
  3.1421429e+002
 -1.5357640e+002
  8.0382900e+000
 -1.1553111e+002
  3.1467322e+001
 -2.5429596e+001
 -1.9111575e+002
  2.5228571e+002
  3.2664286e+002
  0.0000000e+000
  0.0000000e+000
 -2.3187084e+002
 -0.0000000e+000
  6.1082215e-015
 -2.3187214e+002
  2.7307143e+002
  3.2150000e+002
 -1.1157226e+002
  4.6928211e+001
 -3.8808415e+000
  3.6610007e+001
 -5.0388235e+001
 -1.0702970e+002
  2.3414286e+002
  3.1578571e+002
 -1.5357640e+002
  8.0382900e+000
 -1.1553111e+002
  3.1467322e+001
 -2.5429596e+001
 -1.9111575e+002
  2.5400000e+002
  3.2771429e+002
  0.0000000e+000
  0.0000000e+000
 -2.3187084e+002
 -0.0000000e+000
  6.1082215e-015
 -2.3187214e+002
  2.7507143e+002
  3.2100000e+002
 -1.1157226e+002
  4.6928211e+001
 -3.8808415e+000
  3.6610007e+001
 -5.0388235e+001
 -1.0702970e+002
  2.3642857e+002
  3.1835714e+002
 -1.5357640e+002
  8.0382900e+000
 -1.1553111e+002
  3.1467322e+001
 -2.5429596e+001
 -1.9111575e+002
  2.5557143e+002
  3.2992857e+002
  0.0000000e+000
  0.0000000e+000
 -2.3187084e+002
 -0.0000000e+000
  6.1082215e-015
 -2.3187214e+002
  2.7407143e+002
  3.2500000e+002
 -1.1157226e+002
  4.6928211e+001
 -3.8808415e+000
  3.6610007e+001
 -5.0388235e+001
 -1.0702970e+002
  2.3535714e+002
  3.2114286e+002
 -1.5357640e+002
  8.0382900e+000
 -1.1553111e+002
  3.1467322e+001
 -2.5429596e+001
 -1.9111575e+002
  2.5721429e+002
  3.3200000e+002
  0.0000000e+000
  0.0000000e+000
 -2.3187084e+002
 -0.0000000e+000
  6.1082215e-015
 -2.3187214e+002
  2.7335714e+002
  3.2550000e+002
 -1.1157226e+002
  4.6928211e+001
 -3.8808415e+000
  3.6610007e+001
 -5.0388235e+001
 -1.0702970e+002
  2.3371429e+002
  3.1985714e+002
 -1.5357640e+002
  8.0382900e+000
 -1.1553111e+002
  3.1467322e+001
 -2.5429596e+001
 -1.9111575e+002
  2.5785714e+002
  3.3271429e+002
  0.0000000e+000
  0.0000000e+000
 -2.3187084e+002
 -0.0000000e+000
  6.1082215e-015
 -2.3187214e+002
  2.7421429e+002
  3.2528571e+002
 -1.1157226e+002
  4.6928211e+001
 -3.8808415e+000
  3.6610007e+001
 -5.0388235e+001
 -1.0702970e+002
  2.3328571e+002
  3.1928571e+002
 -1.5357640e+002
  8.0382900e+000
 -1.1553111e+002
  3.1467322e+001
 -2.5429596e+001
 -1.9111575e+002
  2.5885714e+002
  3.3092857e+002
  0.0000000e+000
  0.0000000e+000
 -2.3187084e+002
 -0.0000000e+000
  6.1082215e-015
 -2.3187214e+002
  2.7442857e+002
  3.2257143e+002
 -1.1157226e+002
  4.6928211e+001
 -3.8808415e+000
  3.6610007e+001
 -5.0388235e+001
 -1.0702970e+002
  2.3357143e+002
  3.2021429e+002
 -1.5357640e+002
  8.0382900e+000
 -1.1553111e+002
  3.1467322e+001
 -2.5429596e+001
 -1.9111575e+002
  2.5892857e+002
  3.3064286e+002
  0.0000000e+000
  0.0000000e+000
 -2.3187084e+002
 -0.0000000e+000
  6.1082215e-015
 -2.3187214e+002
  2.7478571e+002
  3.2278571e+002
 -1.1157226e+002
  4.6928211e+001
 -3.8808415e+000
  3.6610007e+001
 -5.0388235e+001
 -1.0702970e+002
  2.3442857e+002
  3.1935714e+002
 -1.5357640e+002
  8.0382900e+000
 -1.1553111e+002
  3.1467322e+001
 -2.5429596e+001
 -1.9111575e+002
  2.6014286e+002
  3.3028571e+002
  0.0000000e+000
  0.0000000e+000
 -2.3187084e+002
 -0.0000000e+000
  6.1082215e-015
 -2.3187214e+002
  2.7607143e+002
  3.2514286e+002
 -1.1157226e+002
  4.6928211e+001
 -3.8808415e+000
  3.6610007e+001
 -5.0388235e+001
 -1.0702970e+002
  2.3414286e+002
  3.1942857e+002
 -1.5357640e+002
  8.0382900e+000
 -1.1553111e+002
  3.1467322e+001
 -2.5429596e+001
 -1.9111575e+002
  2.6214286e+002
  3.2900000e+002
  0.0000000e+000
  0.0000000e+000
 -2.3187084e+002
 -0.0000000e+000
  6.1082215e-015
 -2.3187214e+002
  2.7878571e+002
  3.2657143e+002
 -1.1157226e+002
  4.6928211e+001
 -3.8808415e+000
  3.6610007e+001
 -5.0388235e+001
 -1.0702970e+002
  2.3450000e+002
  3.1978571e+002
 -1.5357640e+002
  8.0382900e+000
 -1.1553111e+002
  3.1467322e+001
 -2.5429596e+001
 -1.9111575e+002
  2.6521429e+002
  3.2750000e+002
  0.0000000e+000
  0.0000000e+000
 -2.3187084e+002
 -0.0000000e+000
  6.1082215e-015
 -2.3187214e+002
  2.8135714e+002
  3.2757143e+002
 -1.1157226e+002
  4.6928211e+001
 -3.8808415e+000
  3.6610007e+001
 -5.0388235e+001
 -1.0702970e+002
  2.3571429e+002
  3.1935714e+002
 -1.5357640e+002
  8.0382900e+000
 -1.1553111e+002
  3.1467322e+001
 -2.5429596e+001
 -1.9111575e+002
  2.6807143e+002
  3.2614286e+002
  0.0000000e+000
  0.0000000e+000
 -2.3187084e+002
 -0.0000000e+000
  6.1082215e-015
 -2.3187214e+002
  2.8007143e+002
  3.2685714e+002
 -1.1157226e+002
  4.6928211e+001
 -3.8808415e+000
  3.6610007e+001
 -5.0388235e+001
 -1.0702970e+002
  2.3842857e+002
  3.1814286e+002
 -1.5357640e+002
  8.0382900e+000
 -1.1553111e+002
  3.1467322e+001
 -2.5429596e+001
 -1.9111575e+002
  2.7114286e+002
  3.2542857e+002
  0.0000000e+000
  0.0000000e+000
 -2.3187084e+002
 -0.0000000e+000
  6.1082215e-015
 -2.3187214e+002
  2.8121429e+002
  3.2457143e+002
 -1.1157226e+002
  4.6928211e+001
 -3.8808415e+000
  3.6610007e+001
 -5.0388235e+001
 -1.0702970e+002
  2.4014286e+002
  3.1828571e+002
 -1.5357640e+002
  8.0382900e+000
 -1.1553111e+002
  3.1467322e+001
 -2.5429596e+001
 -1.9111575e+002
  2.7378571e+002
  3.2571429e+002
  0.0000000e+000
  0.0000000e+000
 -2.3187084e+002
 -0.0000000e+000
  6.1082215e-015
 -2.3187214e+002
  2.8035714e+002
  3.2214286e+002
 -1.1157226e+002
  4.6928211e+001
 -3.8808415e+000
  3.6610007e+001
 -5.0388235e+001
 -1.0702970e+002
  2.4307143e+002
  3.1757143e+002
 -1.5357640e+002
  8.0382900e+000
 -1.1553111e+002
  3.1467322e+001
 -2.5429596e+001
 -1.9111575e+002
  2.7500000e+002
  3.2621429e+002
  0.0000000e+000
  0.0000000e+000
 -2.3187084e+002
 -0.0000000e+000
  6.1082215e-015
 -2.3187214e+002
  2.7535714e+002
  3.1992857e+002
 -1.1157226e+002
  4.6928211e+001
 -3.8808415e+000
  3.6610007e+001
 -5.0388235e+001
 -1.0702970e+002
  2.4507143e+002
  3.1692857e+002
 -1.5357640e+002
  8.0382900e+000
 -1.1553111e+002
  3.1467322e+001
 -2.5429596e+001
 -1.9111575e+002
  2.7628571e+002
  3.2685714e+002
  0.0000000e+000
  0.0000000e+000
 -2.3187084e+002
 -0.0000000e+000
  6.1082215e-015
 -2.3187214e+002
  2.6607143e+002
  3.2042857e+002
 -1.1157226e+002
  4.6928211e+001
 -3.8808415e+000
  3.6610007e+001
 -5.0388235e+001
 -1.0702970e+002
  2.4657143e+002
  3.1642857e+002
 -1.5357640e+002
  8.0382900e+000
 -1.1553111e+002
  3.1467322e+001
 -2.5429596e+001
 -1.9111575e+002
  2.7621429e+002
  3.2764286e+002
  0.0000000e+000
  0.0000000e+000
 -2.3187084e+002
 -0.0000000e+000
  6.1082215e-015
 -2.3187214e+002
  2.5728571e+002
  3.1885714e+002
 -1.1157226e+002
  4.6928211e+001
 -3.8808415e+000
  3.6610007e+001
 -5.0388235e+001
 -1.0702970e+002
  2.4800000e+002
  3.1678571e+002
 -1.5357640e+002
  8.0382900e+000
 -1.1553111e+002
  3.1467322e+001
 -2.5429596e+001
 -1.9111575e+002
  2.7371429e+002
  3.2757143e+002
  0.0000000e+000
  0.0000000e+000
 -2.3187084e+002
 -0.0000000e+000
  6.1082215e-015
 -2.3187214e+002
  2.5900000e+002
  3.1721429e+002
 -1.1157226e+002
  4.6928211e+001
 -3.8808415e+000
  3.6610007e+001
 -5.0388235e+001
 -1.0702970e+002
  2.4921429e+002
  3.1721429e+002
 -1.5357640e+002
  8.0382900e+000
 -1.1553111e+002
  3.1467322e+001
 -2.5429596e+001
 -1.9111575e+002
  2.7242857e+002
  3.2835714e+002
  0.0000000e+000
  0.0000000e+000
 -2.3187084e+002
 -0.0000000e+000
  6.1082215e-015
 -2.3187214e+002
  2.5828571e+002
  3.1778571e+002
 -1.1157226e+002
  4.6928211e+001
 -3.8808415e+000
  3.6610007e+001
 -5.0388235e+001
 -1.0702970e+002
  2.5028571e+002
  3.1650000e+002
 -1.5357640e+002
  8.0382900e+000
 -1.1553111e+002
  3.1467322e+001
 -2.5429596e+001
 -1.9111575e+002
  2.7100000e+002
  3.2792857e+002
  0.0000000e+000
  0.0000000e+000
 -2.3187084e+002
 -0.0000000e+000
  6.1082215e-015
 -2.3187214e+002
  2.6071429e+002
  3.1464286e+002
 -1.1157226e+002
  4.6928211e+001
 -3.8808415e+000
  3.6610007e+001
 -5.0388235e+001
 -1.0702970e+002
  2.5021429e+002
  3.1735714e+002
 -1.5357640e+002
  8.0382900e+000
 -1.1553111e+002
  3.1467322e+001
 -2.5429596e+001
 -1.9111575e+002
  2.6600000e+002
  3.2757143e+002
  0.0000000e+000
  0.0000000e+000
 -2.3187084e+002
 -0.0000000e+000
  6.1082215e-015
 -2.3187214e+002
  2.6400000e+002
  3.1392857e+002
 -1.1157226e+002
  4.6928211e+001
 -3.8808415e+000
  3.6610007e+001
 -5.0388235e+001
 -1.0702970e+002
  2.5014286e+002
  3.1692857e+002
 -1.5357640e+002
  8.0382900e+000
 -1.1553111e+002
  3.1467322e+001
 -2.5429596e+001
 -1.9111575e+002
  2.6007143e+002
  3.2614286e+002
  0.0000000e+000
  0.0000000e+000
 -2.3187084e+002
 -0.0000000e+000
  6.1082215e-015
 -2.3187214e+002
  2.6307143e+002
  3.1421429e+002
 -1.1157226e+002
  4.6928211e+001
 -3.8808415e+000
  3.6610007e+001
 -5.0388235e+001
 -1.0702970e+002
  2.4792857e+002
  3.1785714e+002
 -1.5357640e+002
  8.0382900e+000
 -1.1553111e+002
  3.1467322e+001
 -2.5429596e+001
 -1.9111575e+002
  2.5178571e+002
  3.2628571e+002
  0.0000000e+000
  0.0000000e+000
 -2.3187084e+002
 -0.0000000e+000
  6.1082215e-015
 -2.3187214e+002
  2.6964286e+002
  3.1307143e+002
 -1.1157226e+002
  4.6928211e+001
 -3.8808415e+000
  3.6610007e+001
 -5.0388235e+001
 -1.0702970e+002
  2.4564286e+002
  3.1828571e+002
 -1.5357640e+002
  8.0382900e+000
 -1.1553111e+002
  3.1467322e+001
 -2.5429596e+001
 -1.9111575e+002
  2.4471429e+002
  3.2528571e+002
  0.0000000e+000
  0.0000000e+000
 -2.3187084e+002
 -0.0000000e+000
  6.1082215e-015
 -2.3187214e+002
  2.7635714e+002
  3.1500000e+002
 -1.1157226e+002
  4.6928211e+001
 -3.8808415e+000
  3.6610007e+001
 -5.0388235e+001
 -1.0702970e+002
  2.4392857e+002
  3.1885714e+002
 -1.5357640e+002
  8.0382900e+000
 -1.1553111e+002
  3.1467322e+001
 -2.5429596e+001
 -1.9111575e+002
  2.3928571e+002
  3.2557143e+002
  0.0000000e+000
  0.0000000e+000
 -2.3187084e+002
 -0.0000000e+000
  6.1082215e-015
 -2.3187214e+002
  2.8150000e+002
  3.1785714e+002
 -1.1157226e+002
  4.6928211e+001
 -3.8808415e+000
  3.6610007e+001
 -5.0388235e+001
 -1.0702970e+002
  2.4114286e+002
  3.1964286e+002
 -1.5357640e+002
  8.0382900e+000
 -1.1553111e+002
  3.1467322e+001
 -2.5429596e+001
 -1.9111575e+002
  2.3942857e+002
  3.2671429e+002
  0.0000000e+000
  0.0000000e+000
 -2.3187084e+002
 -0.0000000e+000
  6.1082215e-015
 -2.3187214e+002
  2.8228571e+002
  3.1857143e+002
 -1.1157226e+002
  4.6928211e+001
 -3.8808415e+000
  3.6610007e+001
 -5.0388235e+001
 -1.0702970e+002
  2.3935714e+002
  3.2057143e+002
 -1.5357640e+002
  8.0382900e+000
 -1.1553111e+002
  3.1467322e+001
 -2.5429596e+001
 -1.9111575e+002
  2.4192857e+002
  3.2821429e+002
  0.0000000e+000
  0.0000000e+000
 -2.3187084e+002
 -0.0000000e+000
  6.1082215e-015
 -2.3187214e+002
  2.8014286e+002
  3.1964286e+002
 -1.1157226e+002
  4.6928211e+001
 -3.8808415e+000
  3.6610007e+001
 -5.0388235e+001
 -1.0702970e+002
  2.3685714e+002
  3.2164286e+002
 -1.5357640e+002
  8.0382900e+000
 -1.1553111e+002
  3.1467322e+001
 -2.5429596e+001
 -1.9111575e+002
  2.4528571e+002
  3.2921429e+002
  0.0000000e+000
  0.0000000e+000
 -2.3187084e+002
 -0.0000000e+000
  6.1082215e-015
 -2.3187214e+002
  2.7750000e+002
  3.2121429e+002
 -1.1157226e+002
  4.6928211e+001
 -3.8808415e+000
  3.6610007e+001
 -5.0388235e+001
 -1.0702970e+002
  2.3628571e+002
  3.2242857e+002
 -1.5357640e+002
  8.0382900e+000
 -1.1553111e+002
  3.1467322e+001
 -2.5429596e+001
 -1.9111575e+002
  2.4750000e+002
  3.2985714e+002
  0.0000000e+000
  0.0000000e+000
 -2.3187084e+002
 -0.0000000e+000
  6.1082215e-015
 -2.3187214e+002
  2.7657143e+002
  3.2135714e+002
 -1.1157226e+002
  4.6928211e+001
 -3.8808415e+000
  3.6610007e+001
 -5.0388235e+001
 -1.0702970e+002
  2.3542857e+002
  3.2435714e+002
 -1.5357640e+002
  8.0382900e+000
 -1.1553111e+002
  3.1467322e+001
 -2.5429596e+001
 -1.9111575e+002
  2.4914286e+002
  3.3071429e+002
  0.0000000e+000
  0.0000000e+000
 -2.3187084e+002
 -0.0000000e+000
  6.1082215e-015
 -2.3187214e+002
  2.7621429e+002
  3.2071429e+002
 -1.1157226e+002
  4.6928211e+001
 -3.8808415e+000
  3.6610007e+001
 -5.0388235e+001
 -1.0702970e+002
  2.3364286e+002
  3.2564286e+002
 -1.5357640e+002
  8.0382900e+000
 -1.1553111e+002
  3.1467322e+001
 -2.5429596e+001
 -1.9111575e+002
  2.5057143e+002
  3.3121429e+002
  0.0000000e+000
  0.0000000e+000
 -2.3187084e+002
 -0.0000000e+000
  6.1082215e-015
 -2.3187214e+002
  2.7671429e+002
  3.1935714e+002
 -1.1157226e+002
  4.6928211e+001
 -3.8808415e+000
  3.6610007e+001
 -5.0388235e+001
 -1.0702970e+002
  2.3314286e+002
  3.2621429e+002
 -1.5357640e+002
  8.0382900e+000
 -1.1553111e+002
  3.1467322e+001
 -2.5429596e+001
 -1.9111575e+002
  2.4964286e+002
  3.2921429e+002
  0.0000000e+000
  0.0000000e+000
 -2.3187084e+002
 -0.0000000e+000
  6.1082215e-015
 -2.3187214e+002
  2.7678571e+002
  3.1900000e+002
 -1.1157226e+002
  4.6928211e+001
 -3.8808415e+000
  3.6610007e+001
 -5.0388235e+001
 -1.0702970e+002
  2.3221429e+002
  3.2607143e+002
 -1.5357640e+002
  8.0382900e+000
 -1.1553111e+002
  3.1467322e+001
 -2.5429596e+001
 -1.9111575e+002
  2.4900000e+002
  3.2807143e+002
  0.0000000e+000
  0.0000000e+000
 -2.3187084e+002
 -0.0000000e+000
  6.1082215e-015
 -2.3187214e+002
  2.7914286e+002
  3.2000000e+002
 -1.1157226e+002
  4.6928211e+001
 -3.8808415e+000
  3.6610007e+001
 -5.0388235e+001
 -1.0702970e+002
  2.3250000e+002
  3.2457143e+002
 -1.5357640e+002
  8.0382900e+000
 -1.1553111e+002
  3.1467322e+001
 -2.5429596e+001
 -1.9111575e+002
  2.4735714e+002
  3.2857143e+002
  0.0000000e+000
  0.0000000e+000
 -2.3187084e+002
 -0.0000000e+000
  6.1082215e-015
 -2.3187214e+002
  2.8135714e+002
  3.1950000e+002
 -1.1157226e+002
  4.6928211e+001
 -3.8808415e+000
  3.6610007e+001
 -5.0388235e+001
 -1.0702970e+002
  2.3207143e+002
  3.2150000e+002
 -1.5357640e+002
  8.0382900e+000
 -1.1553111e+002
  3.1467322e+001
 -2.5429596e+001
 -1.9111575e+002
  2.4692857e+002
  3.2607143e+002
  0.0000000e+000
  0.0000000e+000
 -2.3187084e+002
 -0.0000000e+000
  6.1082215e-015
 -2.3187214e+002
  2.8428571e+002
  3.1571429e+002
 -1.1157226e+002
  4.6928211e+001
 -3.8808415e+000
  3.6610007e+001
 -5.0388235e+001
 -1.0702970e+002
  2.3107143e+002
  3.1821429e+002
 -1.5357640e+002
  8.0382900e+000
 -1.1553111e+002
  3.1467322e+001
 -2.5429596e+001
 -1.9111575e+002
  2.4492857e+002
  3.2250000e+002
  0.0000000e+000
  0.0000000e+000
 -2.3187084e+002
 -0.0000000e+000
  6.1082215e-015
 -2.3187214e+002
  2.7785714e+002
  3.1600000e+002
 -1.1157226e+002
  4.6928211e+001
 -3.8808415e+000
  3.6610007e+001
 -5.0388235e+001
 -1.0702970e+002
  2.3107143e+002
  3.1657143e+002
 -1.5357640e+002
  8.0382900e+000
 -1.1553111e+002
  3.1467322e+001
 -2.5429596e+001
 -1.9111575e+002
  2.4328571e+002
  3.1885714e+002
  0.0000000e+000
  0.0000000e+000
 -2.3187084e+002
 -0.0000000e+000
  6.1082215e-015
 -2.3187214e+002
  2.7621429e+002
  3.1528571e+002
 -1.1157226e+002
  4.6928211e+001
 -3.8808415e+000
  3.6610007e+001
 -5.0388235e+001
 -1.0702970e+002
  2.3092857e+002
  3.1392857e+002
 -1.5357640e+002
  8.0382900e+000
 -1.1553111e+002
  3.1467322e+001
 -2.5429596e+001
 -1.9111575e+002
  2.4014286e+002
  3.1557143e+002
  0.0000000e+000
  0.0000000e+000
 -2.3187084e+002
 -0.0000000e+000
  6.1082215e-015
 -2.3187214e+002
  2.7235714e+002
  3.1228571e+002
 -1.1157226e+002
  4.6928211e+001
 -3.8808415e+000
  3.6610007e+001
 -5.0388235e+001
 -1.0702970e+002
  2.3100000e+002
  3.1114286e+002
 -1.5357640e+002
  8.0382900e+000
 -1.1553111e+002
  3.1467322e+001
 -2.5429596e+001
 -1.9111575e+002
  2.3728571e+002
  3.1335714e+002
  0.0000000e+000
  0.0000000e+000
 -2.3187084e+002
 -0.0000000e+000
  6.1082215e-015
 -2.3187214e+002
  2.6492857e+002
  3.1150000e+002
 -1.1157226e+002
  4.6928211e+001
 -3.8808415e+000
  3.6610007e+001
 -5.0388235e+001
 -1.0702970e+002
  2.3057143e+002
  3.0900000e+002
 -1.5357640e+002
  8.0382900e+000
 -1.1553111e+002
  3.1467322e+001
 -2.5429596e+001
 -1.9111575e+002
  2.3785714e+002
  3.0892857e+002
  0.0000000e+000
  0.0000000e+000
 -2.3187084e+002
 -0.0000000e+000
  6.1082215e-015
 -2.3187214e+002
  2.5692857e+002
  3.1014286e+002
 -1.1157226e+002
  4.6928211e+001
 -3.8808415e+000
  3.6610007e+001
 -5.0388235e+001
 -1.0702970e+002
  2.3121429e+002
  3.0750000e+002
 -1.5357640e+002
  8.0382900e+000
 -1.1553111e+002
  3.1467322e+001
 -2.5429596e+001
 -1.9111575e+002
  2.3771429e+002
  3.0621429e+002
  0.0000000e+000
  0.0000000e+000
 -2.3187084e+002
 -0.0000000e+000
  6.1082215e-015
 -2.3187214e+002
  2.4800000e+002
  3.0900000e+002
 -1.1157226e+002
  4.6928211e+001
 -3.8808415e+000
  3.6610007e+001
 -5.0388235e+001
 -1.0702970e+002
  2.3300000e+002
  3.0628571e+002
 -1.5357640e+002
  8.0382900e+000
 -1.1553111e+002
  3.1467322e+001
 -2.5429596e+001
 -1.9111575e+002
  2.3764286e+002
  3.0300000e+002
  0.0000000e+000
  0.0000000e+000
 -2.3187084e+002
 -0.0000000e+000
  6.1082215e-015
 -2.3187214e+002
  2.3892857e+002
  3.0842857e+002
 -1.1157226e+002
  4.6928211e+001
 -3.8808415e+000
  3.6610007e+001
 -5.0388235e+001
 -1.0702970e+002
  2.3442857e+002
  3.0500000e+002
 -1.5357640e+002
  8.0382900e+000
 -1.1553111e+002
  3.1467322e+001
 -2.5429596e+001
 -1.9111575e+002
  2.3778571e+002
  3.0257143e+002
  0.0000000e+000
  0.0000000e+000
 -2.3187084e+002
 -0.0000000e+000
  6.1082215e-015
 -2.3187214e+002
  2.2878571e+002
  3.0264286e+002
 -1.1157226e+002
  4.6928211e+001
 -3.8808415e+000
  3.6610007e+001
 -5.0388235e+001
 -1.0702970e+002
  2.3500000e+002
  3.0428571e+002
 -1.5357640e+002
  8.0382900e+000
 -1.1553111e+002
  3.1467322e+001
 -2.5429596e+001
 -1.9111575e+002
  2.3835714e+002
  3.0171429e+002
  0.0000000e+000
  0.0000000e+000
 -2.3187084e+002
 -0.0000000e+000
  6.1082215e-015
 -2.3187214e+002
  2.2171429e+002
  2.9378571e+002
 -1.1157226e+002
  4.6928211e+001
 -3.8808415e+000
  3.6610007e+001
 -5.0388235e+001
 -1.0702970e+002
  2.3307143e+002
  3.0457143e+002
 -1.5357640e+002
  8.0382900e+000
 -1.1553111e+002
  3.1467322e+001
 -2.5429596e+001
 -1.9111575e+002
  2.3907143e+002
  2.9871429e+002
  0.0000000e+000
  0.0000000e+000
 -2.3187084e+002
 -0.0000000e+000
  6.1082215e-015
 -2.3187214e+002
  2.2307143e+002
  2.9121429e+002
 -1.1157226e+002
  4.6928211e+001
 -3.8808415e+000
  3.6610007e+001
 -5.0388235e+001
 -1.0702970e+002
  2.3250000e+002
  3.0500000e+002
 -1.5357640e+002
  8.0382900e+000
 -1.1553111e+002
  3.1467322e+001
 -2.5429596e+001
 -1.9111575e+002
  2.4000000e+002
  2.9742857e+002
  0.0000000e+000
  0.0000000e+000
 -2.3187084e+002
 -0.0000000e+000
  6.1082215e-015
 -2.3187214e+002
  2.2721429e+002
  2.8914286e+002
 -1.1157226e+002
  4.6928211e+001
 -3.8808415e+000
  3.6610007e+001
 -5.0388235e+001
 -1.0702970e+002
  2.3314286e+002
  3.0471429e+002
 -1.5357640e+002
  8.0382900e+000
 -1.1553111e+002
  3.1467322e+001
 -2.5429596e+001
 -1.9111575e+002
  2.4014286e+002
  2.9750000e+002
  0.0000000e+000
  0.0000000e+000
 -2.3187084e+002
 -0.0000000e+000
  6.1082215e-015
 -2.3187214e+002
  2.2728571e+002
  2.8700000e+002
 -1.1157226e+002
  4.6928211e+001
 -3.8808415e+000
  3.6610007e+001
 -5.0388235e+001
 -1.0702970e+002
  2.3642857e+002
  3.0650000e+002
 -1.5357640e+002
  8.0382900e+000
 -1.1553111e+002
  3.1467322e+001
 -2.5429596e+001
 -1.9111575e+002
  2.4142857e+002
  2.9828571e+002
  0.0000000e+000
  0.0000000e+000
 -2.3187084e+002
 -0.0000000e+000
  6.1082215e-015
 -2.3187214e+002
  2.2414286e+002
  2.8578571e+002
 -1.1157226e+002
  4.6928211e+001
 -3.8808415e+000
  3.6610007e+001
 -5.0388235e+001
 -1.0702970e+002
  2.3907143e+002
  3.0785714e+002
 -1.5357640e+002
  8.0382900e+000
 -1.1553111e+002
  3.1467322e+001
 -2.5429596e+001
 -1.9111575e+002
  2.4235714e+002
  2.9964286e+002
  0.0000000e+000
  0.0000000e+000
 -2.3187084e+002
 -0.0000000e+000
  6.1082215e-015
 -2.3187214e+002
  2.2585714e+002
  2.8478571e+002
 -1.1157226e+002
  4.6928211e+001
 -3.8808415e+000
  3.6610007e+001
 -5.0388235e+001
 -1.0702970e+002
  2.4128571e+002
  3.0942857e+002
 -1.5357640e+002
  8.0382900e+000
 -1.1553111e+002
  3.1467322e+001
 -2.5429596e+001
 -1.9111575e+002
  2.4235714e+002
  3.0000000e+002
  0.0000000e+000
  0.0000000e+000
 -2.3187084e+002
 -0.0000000e+000
  6.1082215e-015
 -2.3187214e+002
  2.2607143e+002
  2.8671429e+002
 -1.1157226e+002
  4.6928211e+001
 -3.8808415e+000
  3.6610007e+001
 -5.0388235e+001
 -1.0702970e+002
  2.4300000e+002
  3.1142857e+002
 -1.5357640e+002
  8.0382900e+000
 -1.1553111e+002
  3.1467322e+001
 -2.5429596e+001
 -1.9111575e+002
  2.4221429e+002
  3.0135714e+002
  0.0000000e+000
  0.0000000e+000
 -2.3187084e+002
 -0.0000000e+000
  6.1082215e-015
 -2.3187214e+002
  2.2421429e+002
  2.9100000e+002
 -1.1157226e+002
  4.6928211e+001
 -3.8808415e+000
  3.6610007e+001
 -5.0388235e+001
 -1.0702970e+002
  2.4478571e+002
  3.1292857e+002
 -1.5357640e+002
  8.0382900e+000
 -1.1553111e+002
  3.1467322e+001
 -2.5429596e+001
 -1.9111575e+002
  2.3892857e+002
  3.0121429e+002
  0.0000000e+000
  0.0000000e+000
 -2.3187084e+002
 -0.0000000e+000
  6.1082215e-015
 -2.3187214e+002
  2.2585714e+002
  2.9578571e+002
 -1.1157226e+002
  4.6928211e+001
 -3.8808415e+000
  3.6610007e+001
 -5.0388235e+001
 -1.0702970e+002
  2.4585714e+002
  3.1528571e+002
 -1.5357640e+002
  8.0382900e+000
 -1.1553111e+002
  3.1467322e+001
 -2.5429596e+001
 -1.9111575e+002
  2.3450000e+002
  3.0335714e+002
  0.0000000e+000
  0.0000000e+000
 -2.3187084e+002
 -0.0000000e+000
  6.1082215e-015
 -2.3187214e+002
  2.2992857e+002
  2.9900000e+002
 -1.1157226e+002
  4.6928211e+001
 -3.8808415e+000
  3.6610007e+001
 -5.0388235e+001
 -1.0702970e+002
  2.4635714e+002
  3.1514286e+002
 -1.5357640e+002
  8.0382900e+000
 -1.1553111e+002
  3.1467322e+001
 -2.5429596e+001
 -1.9111575e+002
  2.2942857e+002
  3.0435714e+002
  0.0000000e+000
  0.0000000e+000
 -2.3187084e+002
 -0.0000000e+000
  6.1082215e-015
 -2.3187214e+002
  2.3521429e+002
  3.0135714e+002
 -1.1157226e+002
  4.6928211e+001
 -3.8808415e+000
  3.6610007e+001
 -5.0388235e+001
 -1.0702970e+002
  2.4428571e+002
  3.1442857e+002
 -1.5357640e+002
  8.0382900e+000
 -1.1553111e+002
  3.1467322e+001
 -2.5429596e+001
 -1.9111575e+002
  2.3578571e+002
  3.0535714e+002
  0.0000000e+000
  0.0000000e+000
 -2.3187084e+002
 -0.0000000e+000
  6.1082215e-015
 -2.3187214e+002
  2.4000000e+002
  3.0321429e+002
 -1.1157226e+002
  4.6928211e+001
 -3.8808415e+000
  3.6610007e+001
 -5.0388235e+001
 -1.0702970e+002
  2.3907143e+002
  3.1257143e+002
 -1.5357640e+002
  8.0382900e+000
 -1.1553111e+002
  3.1467322e+001
 -2.5429596e+001
 -1.9111575e+002
  2.4085714e+002
  3.0685714e+002
  0.0000000e+000
  0.0000000e+000
 -2.3187084e+002
 -0.0000000e+000
  6.1082215e-015
 -2.3187214e+002
  2.4457143e+002
  3.0571429e+002
 -1.1157226e+002
  4.6928211e+001
 -3.8808415e+000
  3.6610007e+001
 -5.0388235e+001
 -1.0702970e+002
  2.3635714e+002
  3.1071429e+002
 -1.5357640e+002
  8.0382900e+000
 -1.1553111e+002
  3.1467322e+001
 -2.5429596e+001
 -1.9111575e+002
  2.4478571e+002
  3.0728571e+002
  0.0000000e+000
  0.0000000e+000
 -2.3187084e+002
 -0.0000000e+000
  6.1082215e-015
 -2.3187214e+002
  2.4971429e+002
  3.0550000e+002
 -1.1157226e+002
  4.6928211e+001
 -3.8808415e+000
  3.6610007e+001
 -5.0388235e+001
 -1.0702970e+002
  2.3400000e+002
  3.0985714e+002
 -1.5357640e+002
  8.0382900e+000
 -1.1553111e+002
  3.1467322e+001
 -2.5429596e+001
 -1.9111575e+002
  2.5021429e+002
  3.0685714e+002
  0.0000000e+000
  0.0000000e+000
 -2.3187084e+002
 -0.0000000e+000
  6.1082215e-015
 -2.3187214e+002
  2.5657143e+002
  3.0442857e+002
 -1.1157226e+002
  4.6928211e+001
 -3.8808415e+000
  3.6610007e+001
 -5.0388235e+001
 -1.0702970e+002
  2.3385714e+002
  3.0907143e+002
 -1.5357640e+002
  8.0382900e+000
 -1.1553111e+002
  3.1467322e+001
 -2.5429596e+001
 -1.9111575e+002
  2.5357143e+002
  3.0700000e+002
  0.0000000e+000
  0.0000000e+000
 -2.3187084e+002
 -0.0000000e+000
  6.1082215e-015
 -2.3187214e+002
  2.6150000e+002
  3.0378571e+002
 -1.1157226e+002
  4.6928211e+001
 -3.8808415e+000
  3.6610007e+001
 -5.0388235e+001
 -1.0702970e+002
  2.3364286e+002
  3.0957143e+002
 -1.5357640e+002
  8.0382900e+000
 -1.1553111e+002
  3.1467322e+001
 -2.5429596e+001
 -1.9111575e+002
  2.5657143e+002
  3.0842857e+002
  0.0000000e+000
  0.0000000e+000
 -2.3187084e+002
 -0.0000000e+000
  6.1082215e-015
 -2.3187214e+002
  2.6528571e+002
  3.0278571e+002
 -1.1157226e+002
  4.6928211e+001
 -3.8808415e+000
  3.6610007e+001
 -5.0388235e+001
 -1.0702970e+002
  2.3392857e+002
  3.1028571e+002
 -1.5357640e+002
  8.0382900e+000
 -1.1553111e+002
  3.1467322e+001
 -2.5429596e+001
 -1.9111575e+002
  2.5800000e+002
  3.0885714e+002
  0.0000000e+000
  0.0000000e+000
 -2.3187084e+002
 -0.0000000e+000
  6.1082215e-015
 -2.3187214e+002
  2.6650000e+002
  3.0128571e+002
 -1.1157226e+002
  4.6928211e+001
 -3.8808415e+000
  3.6610007e+001
 -5.0388235e+001
 -1.0702970e+002
  2.3528571e+002
  3.1292857e+002
 -1.5357640e+002
  8.0382900e+000
 -1.1553111e+002
  3.1467322e+001
 -2.5429596e+001
 -1.9111575e+002
  2.5764286e+002
  3.0642857e+002
  0.0000000e+000
  0.0000000e+000
 -2.3187084e+002
 -0.0000000e+000
  6.1082215e-015
 -2.3187214e+002
  2.6364286e+002
  2.9985714e+002
 -1.1157226e+002
  4.6928211e+001
 -3.8808415e+000
  3.6610007e+001
 -5.0388235e+001
 -1.0702970e+002
  2.3785714e+002
  3.1564286e+002
 -1.5357640e+002
  8.0382900e+000
 -1.1553111e+002
  3.1467322e+001
 -2.5429596e+001
 -1.9111575e+002
  2.5514286e+002
  3.0371429e+002
  0.0000000e+000
  0.0000000e+000
 -2.3187084e+002
 -0.0000000e+000
  6.1082215e-015
 -2.3187214e+002
  2.5935714e+002
  2.9964286e+002
 -1.1157226e+002
  4.6928211e+001
 -3.8808415e+000
  3.6610007e+001
 -5.0388235e+001
 -1.0702970e+002
  2.3878571e+002
  3.1657143e+002
 -1.5357640e+002
  8.0382900e+000
 -1.1553111e+002
  3.1467322e+001
 -2.5429596e+001
 -1.9111575e+002
  2.5050000e+002
  3.0185714e+002
  0.0000000e+000
  0.0000000e+000
 -2.3187084e+002
 -0.0000000e+000
  6.1082215e-015
 -2.3187214e+002
  2.5242857e+002
  2.9992857e+002
 -1.1157226e+002
  4.6928211e+001
 -3.8808415e+000
  3.6610007e+001
 -5.0388235e+001
 -1.0702970e+002
  2.3892857e+002
  3.1628571e+002
 -1.5357640e+002
  8.0382900e+000
 -1.1553111e+002
  3.1467322e+001
 -2.5429596e+001
 -1.9111575e+002
  2.4342857e+002
  3.0028571e+002
  0.0000000e+000
  0.0000000e+000
 -2.3187084e+002
 -0.0000000e+000
  6.1082215e-015
 -2.3187214e+002
  2.4550000e+002
  3.0157143e+002
 -1.1157226e+002
  4.6928211e+001
 -3.8808415e+000
  3.6610007e+001
 -5.0388235e+001
 -1.0702970e+002
  2.3628571e+002
  3.1457143e+002
 -1.5357640e+002
  8.0382900e+000
 -1.1553111e+002
  3.1467322e+001
 -2.5429596e+001
 -1.9111575e+002
  2.3314286e+002
  2.9885714e+002
  0.0000000e+000
  0.0000000e+000
 -2.3187084e+002
 -0.0000000e+000
  6.1082215e-015
 -2.3187214e+002
  2.4307143e+002
  3.0207143e+002
 -1.1157226e+002
  4.6928211e+001
 -3.8808415e+000
  3.6610007e+001
 -5.0388235e+001
 -1.0702970e+002
  2.3542857e+002
  3.1221429e+002
 -1.5357640e+002
  8.0382900e+000
 -1.1553111e+002
  3.1467322e+001
 -2.5429596e+001
 -1.9111575e+002
  2.2800000e+002
  2.9914286e+002
  0.0000000e+000
  0.0000000e+000
 -2.3187084e+002
 -0.0000000e+000
  6.1082215e-015
 -2.3187214e+002
  2.4500000e+002
  3.0364286e+002
 -1.1157226e+002
  4.6928211e+001
 -3.8808415e+000
  3.6610007e+001
 -5.0388235e+001
 -1.0702970e+002
  2.3342857e+002
  3.1142857e+002
 -1.5357640e+002
  8.0382900e+000
 -1.1553111e+002
  3.1467322e+001
 -2.5429596e+001
 -1.9111575e+002
  2.3371429e+002
  2.9964286e+002
  0.0000000e+000
  0.0000000e+000
 -2.3187084e+002
 -0.0000000e+000
  6.1082215e-015
 -2.3187214e+002
  2.4421429e+002
  2.9885714e+002
 -1.1157226e+002
  4.6928211e+001
 -3.8808415e+000
  3.6610007e+001
 -5.0388235e+001
 -1.0702970e+002
  2.2692857e+002
  3.0900000e+002
 -1.5357640e+002
  8.0382900e+000
 -1.1553111e+002
  3.1467322e+001
 -2.5429596e+001
 -1.9111575e+002
  2.3921429e+002
  3.0021429e+002
  0.0000000e+000
  0.0000000e+000
 -2.3187084e+002
 -0.0000000e+000
  6.1082215e-015
 -2.3187214e+002
  2.4307143e+002
  3.0000000e+002
 -1.1157226e+002
  4.6928211e+001
 -3.8808415e+000
  3.6610007e+001
 -5.0388235e+001
 -1.0702970e+002
  2.2107143e+002
  3.0735714e+002
 -1.5357640e+002
  8.0382900e+000
 -1.1553111e+002
  3.1467322e+001
 -2.5429596e+001
 -1.9111575e+002
  2.4085714e+002
  3.0257143e+002
  0.0000000e+000
  0.0000000e+000
 -2.3187084e+002
 -0.0000000e+000
  6.1082215e-015
 -2.3187214e+002
  2.4457143e+002
  3.0350000e+002
 -1.1157226e+002
  4.6928211e+001
 -3.8808415e+000
  3.6610007e+001
 -5.0388235e+001
 -1.0702970e+002
  2.1678571e+002
  3.0621429e+002
 -1.5357640e+002
  8.0382900e+000
 -1.1553111e+002
  3.1467322e+001
 -2.5429596e+001
 -1.9111575e+002
  2.3828571e+002
  3.0507143e+002
  0.0000000e+000
  0.0000000e+000
 -2.3187084e+002
 -0.0000000e+000
  6.1082215e-015
 -2.3187214e+002
  2.4992857e+002
  3.0457143e+002
 -1.1157226e+002
  4.6928211e+001
 -3.8808415e+000
  3.6610007e+001
 -5.0388235e+001
 -1.0702970e+002
  2.1650000e+002
  3.0621429e+002
 -1.5357640e+002
  8.0382900e+000
 -1.1553111e+002
  3.1467322e+001
 -2.5429596e+001
 -1.9111575e+002
  2.4214286e+002
  3.0842857e+002
  0.0000000e+000
  0.0000000e+000
 -2.3187084e+002
 -0.0000000e+000
  6.1082215e-015
 -2.3187214e+002
  2.5285714e+002
  3.0292857e+002
 -1.1157226e+002
  4.6928211e+001
 -3.8808415e+000
  3.6610007e+001
 -5.0388235e+001
 -1.0702970e+002
  2.1942857e+002
  3.0757143e+002
 -1.5357640e+002
  8.0382900e+000
 -1.1553111e+002
  3.1467322e+001
 -2.5429596e+001
 -1.9111575e+002
  2.4764286e+002
  3.0900000e+002
  0.0000000e+000
  0.0000000e+000
 -2.3187084e+002
 -0.0000000e+000
  6.1082215e-015
 -2.3187214e+002
  2.5550000e+002
  3.0157143e+002
 -1.1157226e+002
  4.6928211e+001
 -3.8808415e+000
  3.6610007e+001
 -5.0388235e+001
 -1.0702970e+002
  2.2271429e+002
  3.1007143e+002
 -1.5357640e+002
  8.0382900e+000
 -1.1553111e+002
  3.1467322e+001
 -2.5429596e+001
 -1.9111575e+002
  2.5450000e+002
  3.0842857e+002
  0.0000000e+000
  0.0000000e+000
 -2.3187084e+002
 -0.0000000e+000
  6.1082215e-015
 -2.3187214e+002
  2.5607143e+002
  3.0014286e+002
 -1.1157226e+002
  4.6928211e+001
 -3.8808415e+000
  3.6610007e+001
 -5.0388235e+001
 -1.0702970e+002
  2.2692857e+002
  3.1350000e+002
 -1.5357640e+002
  8.0382900e+000
 -1.1553111e+002
  3.1467322e+001
 -2.5429596e+001
 -1.9111575e+002
  2.5935714e+002
  3.0757143e+002
  0.0000000e+000
  0.0000000e+000
 -2.3187084e+002
 -0.0000000e+000
  6.1082215e-015
 -2.3187214e+002
  2.5621429e+002
  2.9885714e+002
 -1.1157226e+002
  4.6928211e+001
 -3.8808415e+000
  3.6610007e+001
 -5.0388235e+001
 -1.0702970e+002
  2.3164286e+002
  3.1585714e+002
 -1.5357640e+002
  8.0382900e+000
 -1.1553111e+002
  3.1467322e+001
 -2.5429596e+001
 -1.9111575e+002
  2.5764286e+002
  3.0671429e+002
  0.0000000e+000
  0.0000000e+000
 -2.3187084e+002
 -0.0000000e+000
  6.1082215e-015
 -2.3187214e+002
  2.5464286e+002
  2.9850000e+002
 -1.1157226e+002
  4.6928211e+001
 -3.8808415e+000
  3.6610007e+001
 -5.0388235e+001
 -1.0702970e+002
  2.3442857e+002
  3.1650000e+002
 -1.5357640e+002
  8.0382900e+000
 -1.1553111e+002
  3.1467322e+001
 -2.5429596e+001
 -1.9111575e+002
  2.5514286e+002
  3.0471429e+002
  0.0000000e+000
  0.0000000e+000
 -2.3187084e+002
 -0.0000000e+000
  6.1082215e-015
 -2.3187214e+002
  2.5064286e+002
  2.9764286e+002
 -1.1157226e+002
  4.6928211e+001
 -3.8808415e+000
  3.6610007e+001
 -5.0388235e+001
 -1.0702970e+002
  2.3664286e+002
  3.1550000e+002
 -1.5357640e+002
  8.0382900e+000
 -1.1553111e+002
  3.1467322e+001
 -2.5429596e+001
 -1.9111575e+002
  2.5042857e+002
  3.0392857e+002
  0.0000000e+000
  0.0000000e+000
 -2.3187084e+002
 -0.0000000e+000
  6.1082215e-015
 -2.3187214e+002
  2.4707143e+002
  2.9921429e+002
 -1.1157226e+002
  4.6928211e+001
 -3.8808415e+000
  3.6610007e+001
 -5.0388235e+001
 -1.0702970e+002
  2.3892857e+002
  3.1478571e+002
 -1.5357640e+002
  8.0382900e+000
 -1.1553111e+002
  3.1467322e+001
 -2.5429596e+001
 -1.9111575e+002
  2.4250000e+002
  3.0328571e+002
  0.0000000e+000
  0.0000000e+000
 -2.3187084e+002
 -0.0000000e+000
  6.1082215e-015
 -2.3187214e+002
  2.4592857e+002
  3.0085714e+002
 -1.1157226e+002
  4.6928211e+001
 -3.8808415e+000
  3.6610007e+001
 -5.0388235e+001
 -1.0702970e+002
  2.4178571e+002
  3.1378571e+002
 -1.5357640e+002
  8.0382900e+000
 -1.1553111e+002
  3.1467322e+001
 -2.5429596e+001
 -1.9111575e+002
  2.3707143e+002
  3.0214286e+002
  0.0000000e+000
  0.0000000e+000
 -2.3187084e+002
 -0.0000000e+000
  6.1082215e-015
 -2.3187214e+002
  2.4407143e+002
  3.0342857e+002
 -1.1157226e+002
  4.6928211e+001
 -3.8808415e+000
  3.6610007e+001
 -5.0388235e+001
 -1.0702970e+002
  2.4357143e+002
  3.1192857e+002
 -1.5357640e+002
  8.0382900e+000
 -1.1553111e+002
  3.1467322e+001
 -2.5429596e+001
 -1.9111575e+002
  2.4121429e+002
  3.0278571e+002
  0.0000000e+000
  0.0000000e+000
 -2.3187084e+002
 -0.0000000e+000
  6.1082215e-015
 -2.3187214e+002
  2.4307143e+002
  3.0107143e+002
 -1.1157226e+002
  4.6928211e+001
 -3.8808415e+000
  3.6610007e+001
 -5.0388235e+001
 -1.0702970e+002
  2.4057143e+002
  3.1050000e+002
 -1.5357640e+002
  8.0382900e+000
 -1.1553111e+002
  3.1467322e+001
 -2.5429596e+001
 -1.9111575e+002
  2.4385714e+002
  3.0357143e+002
  0.0000000e+000
  0.0000000e+000
 -2.3187084e+002
 -0.0000000e+000
  6.1082215e-015
 -2.3187214e+002
  2.4857143e+002
  3.0050000e+002
 -1.1157226e+002
  4.6928211e+001
 -3.8808415e+000
  3.6610007e+001
 -5.0388235e+001
 -1.0702970e+002
  2.3885714e+002
  3.1071429e+002
 -1.5357640e+002
  8.0382900e+000
 -1.1553111e+002
  3.1467322e+001
 -2.5429596e+001
 -1.9111575e+002
  2.4428571e+002
  3.0471429e+002
  0.0000000e+000
  0.0000000e+000
 -2.3187084e+002
 -0.0000000e+000
  6.1082215e-015
 -2.3187214e+002
  2.4978571e+002
  3.0071429e+002
 -1.1157226e+002
  4.6928211e+001
 -3.8808415e+000
  3.6610007e+001
 -5.0388235e+001
 -1.0702970e+002
  2.3928571e+002
  3.1107143e+002
 -1.5357640e+002
  8.0382900e+000
 -1.1553111e+002
  3.1467322e+001
 -2.5429596e+001
 -1.9111575e+002
  2.4357143e+002
  3.0650000e+002
  0.0000000e+000
  0.0000000e+000
 -2.3187084e+002
 -0.0000000e+000
  6.1082215e-015
 -2.3187214e+002
  2.5200000e+002
  3.0057143e+002
 -1.1157226e+002
  4.6928211e+001
 -3.8808415e+000
  3.6610007e+001
 -5.0388235e+001
 -1.0702970e+002
  2.3992857e+002
  3.1085714e+002
 -1.5357640e+002
  8.0382900e+000
 -1.1553111e+002
  3.1467322e+001
 -2.5429596e+001
 -1.9111575e+002
  2.4528571e+002
  3.0978571e+002
  0.0000000e+000
  0.0000000e+000
 -2.3187084e+002
 -0.0000000e+000
  6.1082215e-015
 -2.3187214e+002
  2.5721429e+002
  3.0135714e+002
 -1.1157226e+002
  4.6928211e+001
 -3.8808415e+000
  3.6610007e+001
 -5.0388235e+001
 -1.0702970e+002
  2.3885714e+002
  3.1078571e+002
 -1.5357640e+002
  8.0382900e+000
 -1.1553111e+002
  3.1467322e+001
 -2.5429596e+001
 -1.9111575e+002
  2.4778571e+002
  3.1185714e+002
  0.0000000e+000
  0.0000000e+000
 -2.3187084e+002
 -0.0000000e+000
  6.1082215e-015
 -2.3187214e+002
  2.6228571e+002
  3.0171429e+002
 -1.1157226e+002
  4.6928211e+001
 -3.8808415e+000
  3.6610007e+001
 -5.0388235e+001
 -1.0702970e+002
  2.3757143e+002
  3.1228571e+002
 -1.5357640e+002
  8.0382900e+000
 -1.1553111e+002
  3.1467322e+001
 -2.5429596e+001
 -1.9111575e+002
  2.4307143e+002
  3.1092857e+002
  0.0000000e+000
  0.0000000e+000
 -2.3187084e+002
 -0.0000000e+000
  6.1082215e-015
 -2.3187214e+002
  2.6250000e+002
  3.0092857e+002
 -1.1157226e+002
  4.6928211e+001
 -3.8808415e+000
  3.6610007e+001
 -5.0388235e+001
 -1.0702970e+002
  2.3828571e+002
  3.1328571e+002
 -1.5357640e+002
  8.0382900e+000
 -1.1553111e+002
  3.1467322e+001
 -2.5429596e+001
 -1.9111575e+002
  2.3971429e+002
  3.0985714e+002
  0.0000000e+000
  0.0000000e+000
 -2.3187084e+002
 -0.0000000e+000
  6.1082215e-015
 -2.3187214e+002
  2.6114286e+002
  3.0121429e+002
 -1.1157226e+002
  4.6928211e+001
 -3.8808415e+000
  3.6610007e+001
 -5.0388235e+001
 -1.0702970e+002
  2.3942857e+002
  3.1042857e+002
 -1.5357640e+002
  8.0382900e+000
 -1.1553111e+002
  3.1467322e+001
 -2.5429596e+001
 -1.9111575e+002
  2.3771429e+002
  3.0900000e+002
  0.0000000e+000
  0.0000000e+000
 -2.3187084e+002
 -0.0000000e+000
  6.1082215e-015
 -2.3187214e+002
  2.5742857e+002
  3.0128571e+002
 -1.1157226e+002
  4.6928211e+001
 -3.8808415e+000
  3.6610007e+001
 -5.0388235e+001
 -1.0702970e+002
  2.3764286e+002
  3.0892857e+002
 -1.5357640e+002
  8.0382900e+000
 -1.1553111e+002
  3.1467322e+001
 -2.5429596e+001
 -1.9111575e+002
  2.3507143e+002
  3.0757143e+002
  0.0000000e+000
  0.0000000e+000
 -2.3187084e+002
 -0.0000000e+000
  6.1082215e-015
 -2.3187214e+002
  2.5228571e+002
  3.0085714e+002
 -1.1157226e+002
  4.6928211e+001
 -3.8808415e+000
  3.6610007e+001
 -5.0388235e+001
 -1.0702970e+002
  2.3550000e+002
  3.0885714e+002
 -1.5357640e+002
  8.0382900e+000
 -1.1553111e+002
  3.1467322e+001
 -2.5429596e+001
 -1.9111575e+002
  2.3200000e+002
  3.0535714e+002
  0.0000000e+000
  0.0000000e+000
 -2.3187084e+002
 -0.0000000e+000
  6.1082215e-015
 -2.3187214e+002
  2.3821429e+002
  3.0214286e+002
 -1.1157226e+002
  4.6928211e+001
 -3.8808415e+000
  3.6610007e+001
 -5.0388235e+001
 -1.0702970e+002
  2.3300000e+002
  3.0892857e+002
 -1.5357640e+002
  8.0382900e+000
 -1.1553111e+002
  3.1467322e+001
 -2.5429596e+001
 -1.9111575e+002
  2.3042857e+002
  3.0471429e+002
  0.0000000e+000
  0.0000000e+000
 -2.3187084e+002
 -0.0000000e+000
  6.1082215e-015
 -2.3187214e+002
  2.3314286e+002
  3.0350000e+002
 -1.1157226e+002
  4.6928211e+001
 -3.8808415e+000
  3.6610007e+001
 -5.0388235e+001
 -1.0702970e+002
  2.3042857e+002
  3.0864286e+002
 -1.5357640e+002
  8.0382900e+000
 -1.1553111e+002
  3.1467322e+001
 -2.5429596e+001
 -1.9111575e+002
  2.2928571e+002
  3.0464286e+002
  0.0000000e+000
  0.0000000e+000
 -2.3187084e+002
 -0.0000000e+000
  6.1082215e-015
 -2.3187214e+002
  2.3135714e+002
  3.0350000e+002
 -1.1157226e+002
  4.6928211e+001
 -3.8808415e+000
  3.6610007e+001
 -5.0388235e+001
 -1.0702970e+002
  2.2735714e+002
  3.0721429e+002
 -1.5357640e+002
  8.0382900e+000
 -1.1553111e+002
  3.1467322e+001
 -2.5429596e+001
 -1.9111575e+002
  2.2978571e+002
  3.0535714e+002
  0.0000000e+000
  0.0000000e+000
 -2.3187084e+002
 -0.0000000e+000
  6.1082215e-015
 -2.3187214e+002
  2.3300000e+002
  3.0528571e+002
 -1.1157226e+002
  4.6928211e+001
 -3.8808415e+000
  3.6610007e+001
 -5.0388235e+001
 -1.0702970e+002
  2.2600000e+002
  3.0678571e+002
 -1.5357640e+002
  8.0382900e+000
 -1.1553111e+002
  3.1467322e+001
 -2.5429596e+001
 -1.9111575e+002
  2.2857143e+002
  3.0528571e+002
  0.0000000e+000
  0.0000000e+000
 -2.3187084e+002
 -0.0000000e+000
  6.1082215e-015
 -2.3187214e+002
  2.3585714e+002
  3.0685714e+002
 -1.1157226e+002
  4.6928211e+001
 -3.8808415e+000
  3.6610007e+001
 -5.0388235e+001
 -1.0702970e+002
  2.2514286e+002
  3.0585714e+002
 -1.5357640e+002
  8.0382900e+000
 -1.1553111e+002
  3.1467322e+001
 -2.5429596e+001
 -1.9111575e+002
  2.2842857e+002
  3.0600000e+002
  0.0000000e+000
  0.0000000e+000
 -2.3187084e+002
 -0.0000000e+000
  6.1082215e-015
 -2.3187214e+002
  2.3928571e+002
  3.0735714e+002
 -1.1157226e+002
  4.6928211e+001
 -3.8808415e+000
  3.6610007e+001
 -5.0388235e+001
 -1.0702970e+002
  2.2471429e+002
  3.0500000e+002
 -1.5357640e+002
  8.0382900e+000
 -1.1553111e+002
  3.1467322e+001
 -2.5429596e+001
 -1.9111575e+002
  2.2935714e+002
  3.0721429e+002
  0.0000000e+000
  0.0000000e+000
 -2.3187084e+002
 -0.0000000e+000
  6.1082215e-015
 -2.3187214e+002
  2.4235714e+002
  3.0528571e+002
 -1.1157226e+002
  4.6928211e+001
 -3.8808415e+000
  3.6610007e+001
 -5.0388235e+001
 -1.0702970e+002
  2.2707143e+002
  3.0414286e+002
 -1.5357640e+002
  8.0382900e+000
 -1.1553111e+002
  3.1467322e+001
 -2.5429596e+001
 -1.9111575e+002
  2.3114286e+002
  3.0757143e+002
  0.0000000e+000
  0.0000000e+000
 -2.3187084e+002
 -0.0000000e+000
  6.1082215e-015
 -2.3187214e+002
  2.4621429e+002
  3.0464286e+002
 -1.1157226e+002
  4.6928211e+001
 -3.8808415e+000
  3.6610007e+001
 -5.0388235e+001
 -1.0702970e+002
  2.2942857e+002
  3.0385714e+002
 -1.5357640e+002
  8.0382900e+000
 -1.1553111e+002
  3.1467322e+001
 -2.5429596e+001
 -1.9111575e+002
  2.3285714e+002
  3.0757143e+002
  0.0000000e+000
  0.0000000e+000
 -2.3187084e+002
 -0.0000000e+000
  6.1082215e-015
 -2.3187214e+002
  2.4700000e+002
  3.0307143e+002
 -1.1157226e+002
  4.6928211e+001
 -3.8808415e+000
  3.6610007e+001
 -5.0388235e+001
 -1.0702970e+002
  2.3135714e+002
  3.0378571e+002
 -1.5357640e+002
  8.0382900e+000
 -1.1553111e+002
  3.1467322e+001
 -2.5429596e+001
 -1.9111575e+002
  2.3357143e+002
  3.0771429e+002
  0.0000000e+000
  0.0000000e+000
 -2.3187084e+002
 -0.0000000e+000
  6.1082215e-015
 -2.3187214e+002
  2.4500000e+002
  3.0157143e+002
 -1.1157226e+002
  4.6928211e+001
 -3.8808415e+000
  3.6610007e+001
 -5.0388235e+001
 -1.0702970e+002
  2.3228571e+002
  3.0328571e+002
 -1.5357640e+002
  8.0382900e+000
 -1.1553111e+002
  3.1467322e+001
 -2.5429596e+001
 -1.9111575e+002
  2.3228571e+002
  3.0692857e+002
  0.0000000e+000
  0.0000000e+000
 -2.3187084e+002
 -0.0000000e+000
  6.1082215e-015
 -2.3187214e+002
  2.4178571e+002
  3.0178571e+002
 -1.1157226e+002
  4.6928211e+001
 -3.8808415e+000
  3.6610007e+001
 -5.0388235e+001
 -1.0702970e+002
  2.3314286e+002
  3.0621429e+002
 -1.5357640e+002
  8.0382900e+000
 -1.1553111e+002
  3.1467322e+001
 -2.5429596e+001
 -1.9111575e+002
  2.3114286e+002
  3.0650000e+002
  0.0000000e+000
  0.0000000e+000
 -2.3187084e+002
 -0.0000000e+000
  6.1082215e-015
 -2.3187214e+002
  2.3842857e+002
  3.0242857e+002
 -1.1157226e+002
  4.6928211e+001
 -3.8808415e+000
  3.6610007e+001
 -5.0388235e+001
 -1.0702970e+002
  2.3392857e+002
  3.0792857e+002
 -1.5357640e+002
  8.0382900e+000
 -1.1553111e+002
  3.1467322e+001
 -2.5429596e+001
 -1.9111575e+002
  2.3814286e+002
  3.0657143e+002
  0.0000000e+000
  0.0000000e+000
 -2.3187084e+002
 -0.0000000e+000
  6.1082215e-015
 -2.3187214e+002
  2.3442857e+002
  3.0450000e+002
 -1.1157226e+002
  4.6928211e+001
 -3.8808415e+000
  3.6610007e+001
 -5.0388235e+001
 -1.0702970e+002
  2.3450000e+002
  3.1150000e+002
 -1.5357640e+002
  8.0382900e+000
 -1.1553111e+002
  3.1467322e+001
 -2.5429596e+001
 -1.9111575e+002
  2.4485714e+002
  3.0707143e+002
  0.0000000e+000
  0.0000000e+000
 -2.3187084e+002
 -0.0000000e+000
  6.1082215e-015
 -2.3187214e+002
  2.3300000e+002
  3.0500000e+002
 -1.1157226e+002
  4.6928211e+001
 -3.8808415e+000
  3.6610007e+001
 -5.0388235e+001
 -1.0702970e+002
  2.3278571e+002
  3.1242857e+002
 -1.5357640e+002
  8.0382900e+000
 -1.1553111e+002
  3.1467322e+001
 -2.5429596e+001
 -1.9111575e+002
  2.4778571e+002
  3.0992857e+002
  0.0000000e+000
  0.0000000e+000
 -2.3187084e+002
 -0.0000000e+000
  6.1082215e-015
 -2.3187214e+002
  2.3471429e+002
  3.0578571e+002
 -1.1157226e+002
  4.6928211e+001
 -3.8808415e+000
  3.6610007e+001
 -5.0388235e+001
 -1.0702970e+002
  2.3007143e+002
  3.1142857e+002
 -1.5357640e+002
  8.0382900e+000
 -1.1553111e+002
  3.1467322e+001
 -2.5429596e+001
 -1.9111575e+002
  2.4228571e+002
  3.0971429e+002
  0.0000000e+000
  0.0000000e+000
 -2.3187084e+002
 -0.0000000e+000
  6.1082215e-015
 -2.3187214e+002
  2.3664286e+002
  3.0621429e+002
 -1.1157226e+002
  4.6928211e+001
 -3.8808415e+000
  3.6610007e+001
 -5.0388235e+001
 -1.0702970e+002
  2.2778571e+002
  3.1207143e+002
 -1.5357640e+002
  8.0382900e+000
 -1.1553111e+002
  3.1467322e+001
 -2.5429596e+001
 -1.9111575e+002
  2.3628571e+002
  3.0964286e+002
  0.0000000e+000
  0.0000000e+000
 -2.3187084e+002
 -0.0000000e+000
  6.1082215e-015
 -2.3187214e+002
  2.3864286e+002
  3.0600000e+002
 -1.1157226e+002
  4.6928211e+001
 -3.8808415e+000
  3.6610007e+001
 -5.0388235e+001
 -1.0702970e+002
  2.2678571e+002
  3.1142857e+002
 -1.5357640e+002
  8.0382900e+000
 -1.1553111e+002
  3.1467322e+001
 -2.5429596e+001
 -1.9111575e+002
  2.3185714e+002
  3.0914286e+002
  0.0000000e+000
  0.0000000e+000
 -2.3187084e+002
 -0.0000000e+000
  6.1082215e-015
 -2.3187214e+002
  2.4200000e+002
  3.0621429e+002
 -1.1157226e+002
  4.6928211e+001
 -3.8808415e+000
  3.6610007e+001
 -5.0388235e+001
 -1.0702970e+002
  2.2528571e+002
  3.1092857e+002
 -1.5357640e+002
  8.0382900e+000
 -1.1553111e+002
  3.1467322e+001
 -2.5429596e+001
 -1.9111575e+002
  2.2700000e+002
  3.0942857e+002
  0.0000000e+000
  0.0000000e+000
 -2.3187084e+002
 -0.0000000e+000
  6.1082215e-015
 -2.3187214e+002
  2.4435714e+002
  3.0657143e+002
 -1.1157226e+002
  4.6928211e+001
 -3.8808415e+000
  3.6610007e+001
 -5.0388235e+001
 -1.0702970e+002
  2.2528571e+002
  3.0928571e+002
 -1.5357640e+002
  8.0382900e+000
 -1.1553111e+002
  3.1467322e+001
 -2.5429596e+001
 -1.9111575e+002
  2.2328571e+002
  3.0878571e+002
  0.0000000e+000
  0.0000000e+000
 -2.3187084e+002
 -0.0000000e+000
  6.1082215e-015
 -2.3187214e+002
  2.3835714e+002
  3.0892857e+002
 -1.1157226e+002
  4.6928211e+001
 -3.8808415e+000
  3.6610007e+001
 -5.0388235e+001
 -1.0702970e+002
  2.2492857e+002
  3.0778571e+002
 -1.5357640e+002
  8.0382900e+000
 -1.1553111e+002
  3.1467322e+001
 -2.5429596e+001
 -1.9111575e+002
  2.2385714e+002
  3.0900000e+002
  0.0000000e+000
  0.0000000e+000
 -2.3187084e+002
 -0.0000000e+000
  6.1082215e-015
 -2.3187214e+002
  2.3607143e+002
  3.1021429e+002
 -1.1157226e+002
  4.6928211e+001
 -3.8808415e+000
  3.6610007e+001
 -5.0388235e+001
 -1.0702970e+002
  2.2557143e+002
  3.0600000e+002
 -1.5357640e+002
  8.0382900e+000
 -1.1553111e+002
  3.1467322e+001
 -2.5429596e+001
 -1.9111575e+002
  2.2842857e+002
  3.0878571e+002
  0.0000000e+000
  0.0000000e+000
 -2.3187084e+002
 -0.0000000e+000
  6.1082215e-015
 -2.3187214e+002
  2.3714286e+002
  3.0800000e+002
 -1.1157226e+002
  4.6928211e+001
 -3.8808415e+000
  3.6610007e+001
 -5.0388235e+001
 -1.0702970e+002
  2.2557143e+002
  3.0621429e+002
 -1.5357640e+002
  8.0382900e+000
 -1.1553111e+002
  3.1467322e+001
 -2.5429596e+001
 -1.9111575e+002
  2.3150000e+002
  3.0828571e+002
  0.0000000e+000
  0.0000000e+000
 -2.3187084e+002
 -0.0000000e+000
  6.1082215e-015
 -2.3187214e+002
  2.4064286e+002
  3.0550000e+002
 -1.1157226e+002
  4.6928211e+001
 -3.8808415e+000
  3.6610007e+001
 -5.0388235e+001
 -1.0702970e+002
  2.2671429e+002
  3.0721429e+002
 -1.5357640e+002
  8.0382900e+000
 -1.1553111e+002
  3.1467322e+001
 -2.5429596e+001
 -1.9111575e+002
  2.3557143e+002
  3.0835714e+002
  0.0000000e+000
  0.0000000e+000
 -2.3187084e+002
 -0.0000000e+000
  6.1082215e-015
 -2.3187214e+002
  2.4214286e+002
  3.0350000e+002
 -1.1157226e+002
  4.6928211e+001
 -3.8808415e+000
  3.6610007e+001
 -5.0388235e+001
 -1.0702970e+002
  2.2757143e+002
  3.0721429e+002
 -1.5357640e+002
  8.0382900e+000
 -1.1553111e+002
  3.1467322e+001
 -2.5429596e+001
 -1.9111575e+002
  2.3857143e+002
  3.0850000e+002
  0.0000000e+000
  0.0000000e+000
 -2.3187084e+002
 -0.0000000e+000
  6.1082215e-015
 -2.3187214e+002
  2.4000000e+002
  3.0435714e+002
 -1.1157226e+002
  4.6928211e+001
 -3.8808415e+000
  3.6610007e+001
 -5.0388235e+001
 -1.0702970e+002
  2.2807143e+002
  3.0900000e+002
 -1.5357640e+002
  8.0382900e+000
 -1.1553111e+002
  3.1467322e+001
 -2.5429596e+001
 -1.9111575e+002
  2.3957143e+002
  3.0735714e+002
  0.0000000e+000
  0.0000000e+000
 -2.3187084e+002
 -0.0000000e+000
  6.1082215e-015
 -2.3187214e+002
  2.3792857e+002
  3.0471429e+002
 -1.1157226e+002
  4.6928211e+001
 -3.8808415e+000
  3.6610007e+001
 -5.0388235e+001
 -1.0702970e+002
  2.2885714e+002
  3.1128571e+002
 -1.5357640e+002
  8.0382900e+000
 -1.1553111e+002
  3.1467322e+001
 -2.5429596e+001
 -1.9111575e+002
  2.4021429e+002
  3.0692857e+002
  0.0000000e+000
  0.0000000e+000
 -2.3187084e+002
 -0.0000000e+000
  6.1082215e-015
 -2.3187214e+002
  2.3614286e+002
  3.0400000e+002
 -1.1157226e+002
  4.6928211e+001
 -3.8808415e+000
  3.6610007e+001
 -5.0388235e+001
 -1.0702970e+002
  2.2928571e+002
  3.1307143e+002
 -1.5357640e+002
  8.0382900e+000
 -1.1553111e+002
  3.1467322e+001
 -2.5429596e+001
 -1.9111575e+002
  2.4257143e+002
  3.0635714e+002
  0.0000000e+000
  0.0000000e+000
 -2.3187084e+002
 -0.0000000e+000
  6.1082215e-015
 -2.3187214e+002
  2.3435714e+002
  3.0335714e+002
 -1.1157226e+002
  4.6928211e+001
 -3.8808415e+000
  3.6610007e+001
 -5.0388235e+001
 -1.0702970e+002
  2.2992857e+002
  3.1478571e+002
 -1.5357640e+002
  8.0382900e+000
 -1.1553111e+002
  3.1467322e+001
 -2.5429596e+001
 -1.9111575e+002
  2.4235714e+002
  3.0464286e+002
  0.0000000e+000
  0.0000000e+000
 -2.3187084e+002
 -0.0000000e+000
  6.1082215e-015
 -2.3187214e+002
  2.3064286e+002
  3.0364286e+002
 -1.1157226e+002
  4.6928211e+001
 -3.8808415e+000
  3.6610007e+001
 -5.0388235e+001
 -1.0702970e+002
  2.3064286e+002
  3.1464286e+002
 -1.5357640e+002
  8.0382900e+000
 -1.1553111e+002
  3.1467322e+001
 -2.5429596e+001
 -1.9111575e+002
  2.4214286e+002
  3.0442857e+002
  0.0000000e+000
  0.0000000e+000
 -2.3187084e+002
 -0.0000000e+000
  6.1082215e-015
 -2.3187214e+002
  2.2871429e+002
  3.0321429e+002
 -1.1157226e+002
  4.6928211e+001
 -3.8808415e+000
  3.6610007e+001
 -5.0388235e+001
 -1.0702970e+002
  2.3214286e+002
  3.1350000e+002
 -1.5357640e+002
  8.0382900e+000
 -1.1553111e+002
  3.1467322e+001
 -2.5429596e+001
 -1.9111575e+002
  2.3878571e+002
  3.0421429e+002
  0.0000000e+000
  0.0000000e+000
 -2.3187084e+002
 -0.0000000e+000
  6.1082215e-015
 -2.3187214e+002
  2.2635714e+002
  3.0371429e+002
 -1.1157226e+002
  4.6928211e+001
 -3.8808415e+000
  3.6610007e+001
 -5.0388235e+001
 -1.0702970e+002
  2.3250000e+002
  3.1228571e+002
 -1.5357640e+002
  8.0382900e+000
 -1.1553111e+002
  3.1467322e+001
 -2.5429596e+001
 -1.9111575e+002
  2.3621429e+002
  3.0407143e+002
  0.0000000e+000
  0.0000000e+000
 -2.3187084e+002
 -0.0000000e+000
  6.1082215e-015
 -2.3187214e+002
  2.2414286e+002
  3.0392857e+002
 -1.1157226e+002
  4.6928211e+001
 -3.8808415e+000
  3.6610007e+001
 -5.0388235e+001
 -1.0702970e+002
  2.3392857e+002
  3.1007143e+002
 -1.5357640e+002
  8.0382900e+000
 -1.1553111e+002
  3.1467322e+001
 -2.5429596e+001
 -1.9111575e+002
  2.3550000e+002
  3.0378571e+002
  0.0000000e+000
  0.0000000e+000
 -2.3187084e+002
 -0.0000000e+000
  6.1082215e-015
 -2.3187214e+002
  2.2335714e+002
  3.0350000e+002
 -1.1157226e+002
  4.6928211e+001
 -3.8808415e+000
  3.6610007e+001
 -5.0388235e+001
 -1.0702970e+002
  2.3542857e+002
  3.0850000e+002
 -1.5357640e+002
  8.0382900e+000
 -1.1553111e+002
  3.1467322e+001
 -2.5429596e+001
 -1.9111575e+002
  2.3607143e+002
  3.0328571e+002
  0.0000000e+000
  0.0000000e+000
 -2.3187084e+002
 -0.0000000e+000
  6.1082215e-015
 -2.3187214e+002
  2.2564286e+002
  3.0450000e+002
 -1.1157226e+002
  4.6928211e+001
 -3.8808415e+000
  3.6610007e+001
 -5.0388235e+001
 -1.0702970e+002
  2.3564286e+002
  3.0757143e+002
 -1.5357640e+002
  8.0382900e+000
 -1.1553111e+002
  3.1467322e+001
 -2.5429596e+001
 -1.9111575e+002
  2.3592857e+002
  3.0342857e+002
  0.0000000e+000
  0.0000000e+000
 -2.3187084e+002
 -0.0000000e+000
  6.1082215e-015
 -2.3187214e+002
  2.2921429e+002
  3.0557143e+002
 -1.1157226e+002
  4.6928211e+001
 -3.8808415e+000
  3.6610007e+001
 -5.0388235e+001
 -1.0702970e+002
  2.3578571e+002
  3.0714286e+002
 -1.5357640e+002
  8.0382900e+000
 -1.1553111e+002
  3.1467322e+001
 -2.5429596e+001
 -1.9111575e+002
  2.3742857e+002
  3.0364286e+002
  0.0000000e+000
  0.0000000e+000
 -2.3187084e+002
 -0.0000000e+000
  6.1082215e-015
 -2.3187214e+002
  2.3707143e+002
  3.0628571e+002
 -1.1157226e+002
  4.6928211e+001
 -3.8808415e+000
  3.6610007e+001
 -5.0388235e+001
 -1.0702970e+002
  2.3592857e+002
  3.0800000e+002
 -1.5357640e+002
  8.0382900e+000
 -1.1553111e+002
  3.1467322e+001
 -2.5429596e+001
 -1.9111575e+002
  2.3971429e+002
  3.0421429e+002
  0.0000000e+000
  0.0000000e+000
 -2.3187084e+002
 -0.0000000e+000
  6.1082215e-015
 -2.3187214e+002
  2.4614286e+002
  3.0742857e+002
