 -1.0303371e+001
  1.1509685e+002
  2.2374301e+002
 -8.6298275e+000
 -1.5905615e+001
 -1.9216693e+002
  2.2371429e+002
  3.1678571e+002
 -1.6672591e+002
  3.8378766e+001
  5.5986818e+000
  3.5285733e+001
 -3.6236814e+001
 -1.6249909e+002
  2.3064286e+002
  3.1307143e+002
  1.4138095e-014
 -0.0000000e+000
 -2.2847290e+002
  0.0000000e+000
  2.4483789e-015
 -2.2883680e+002
  2.4521429e+002
  3.0678571e+002
 -1.0303371e+001
  1.1509685e+002
  2.2374301e+002
 -8.6298275e+000
 -1.5905615e+001
 -1.9216693e+002
  2.2450000e+002
  3.1600000e+002
 -1.6672591e+002
  3.8378766e+001
  5.5986818e+000
  3.5285733e+001
 -3.6236814e+001
 -1.6249909e+002
  2.3100000e+002
  3.1535714e+002
  1.4138095e-014
 -0.0000000e+000
 -2.2847290e+002
  0.0000000e+000
  2.4483789e-015
 -2.2883680e+002
  2.4100000e+002
  3.0721429e+002
 -1.0303371e+001
  1.1509685e+002
  2.2374301e+002
 -8.6298275e+000
 -1.5905615e+001
 -1.9216693e+002
  2.3107143e+002
  3.1392857e+002
 -1.6672591e+002
  3.8378766e+001
  5.5986818e+000
  3.5285733e+001
 -3.6236814e+001
 -1.6249909e+002
  2.3242857e+002
  3.1664286e+002
  1.4138095e-014
 -0.0000000e+000
 -2.2847290e+002
  0.0000000e+000
  2.4483789e-015
 -2.2883680e+002
  2.3614286e+002
  3.0728571e+002
 -1.0303371e+001
  1.1509685e+002
  2.2374301e+002
 -8.6298275e+000
 -1.5905615e+001
 -1.9216693e+002
  2.4071429e+002
  3.1100000e+002
 -1.6672591e+002
  3.8378766e+001
  5.5986818e+000
  3.5285733e+001
 -3.6236814e+001
 -1.6249909e+002
  2.3250000e+002
  3.1592857e+002
  1.4138095e-014
 -0.0000000e+000
 -2.2847290e+002
  0.0000000e+000
  2.4483789e-015
 -2.2883680e+002
  2.3250000e+002
  3.0807143e+002
 -1.0303371e+001
  1.1509685e+002
  2.2374301e+002
 -8.6298275e+000
 -1.5905615e+001
 -1.9216693e+002
  2.4307143e+002
  3.0842857e+002
 -1.6672591e+002
  3.8378766e+001
  5.5986818e+000
  3.5285733e+001
 -3.6236814e+001
 -1.6249909e+002
  2.3750000e+002
  3.1407143e+002
  1.4138095e-014
 -0.0000000e+000
 -2.2847290e+002
  0.0000000e+000
  2.4483789e-015
 -2.2883680e+002
  2.3192857e+002
  3.0857143e+002
 -1.0303371e+001
  1.1509685e+002
  2.2374301e+002
 -8.6298275e+000
 -1.5905615e+001
 -1.9216693e+002
  2.4642857e+002
  3.0664286e+002
 -1.6672591e+002
  3.8378766e+001
  5.5986818e+000
  3.5285733e+001
 -3.6236814e+001
 -1.6249909e+002
  2.3257143e+002
  3.1242857e+002
  1.4138095e-014
 -0.0000000e+000
 -2.2847290e+002
  0.0000000e+000
  2.4483789e-015
 -2.2883680e+002
  2.3014286e+002
  3.1021429e+002
 -1.0303371e+001
  1.1509685e+002
  2.2374301e+002
 -8.6298275e+000
 -1.5905615e+001
 -1.9216693e+002
  2.4607143e+002
  3.0514286e+002
 -1.6672591e+002
  3.8378766e+001
  5.5986818e+000
  3.5285733e+001
 -3.6236814e+001
 -1.6249909e+002
  2.3071429e+002
  3.1114286e+002
  1.4138095e-014
 -0.0000000e+000
 -2.2847290e+002
  0.0000000e+000
  2.4483789e-015
 -2.2883680e+002
  2.2971429e+002
  3.1257143e+002
 -1.0303371e+001
  1.1509685e+002
  2.2374301e+002
 -8.6298275e+000
 -1.5905615e+001
 -1.9216693e+002
  2.4514286e+002
  3.0564286e+002
 -1.6672591e+002
  3.8378766e+001
  5.5986818e+000
  3.5285733e+001
 -3.6236814e+001
 -1.6249909e+002
  2.3335714e+002
  3.1007143e+002
  1.4138095e-014
 -0.0000000e+000
 -2.2847290e+002
  0.0000000e+000
  2.4483789e-015
 -2.2883680e+002
  2.2800000e+002
  3.1435714e+002
 -1.0303371e+001
  1.1509685e+002
  2.2374301e+002
 -8.6298275e+000
 -1.5905615e+001
 -1.9216693e+002
  2.4578571e+002
  3.0635714e+002
 -1.6672591e+002
  3.8378766e+001
  5.5986818e+000
  3.5285733e+001
 -3.6236814e+001
 -1.6249909e+002
  2.3571429e+002
  3.0985714e+002
  1.4138095e-014
 -0.0000000e+000
 -2.2847290e+002
  0.0000000e+000
  2.4483789e-015
 -2.2883680e+002
  2.2850000e+002
  3.1071429e+002
 -1.0303371e+001
  1.1509685e+002
  2.2374301e+002
 -8.6298275e+000
 -1.5905615e+001
 -1.9216693e+002
  2.5021429e+002
  3.0635714e+002
 -1.6672591e+002
  3.8378766e+001
  5.5986818e+000
  3.5285733e+001
 -3.6236814e+001
 -1.6249909e+002
  2.3971429e+002
  3.1000000e+002
  1.4138095e-014
 -0.0000000e+000
 -2.2847290e+002
  0.0000000e+000
  2.4483789e-015
 -2.2883680e+002
  2.2828571e+002
  3.0635714e+002
 -1.0303371e+001
  1.1509685e+002
  2.2374301e+002
 -8.6298275e+000
 -1.5905615e+001
 -1.9216693e+002
  2.4807143e+002
  3.0450000e+002
 -1.6672591e+002
  3.8378766e+001
  5.5986818e+000
  3.5285733e+001
 -3.6236814e+001
 -1.6249909e+002
  2.4228571e+002
  3.1035714e+002
  1.4138095e-014
 -0.0000000e+000
 -2.2847290e+002
  0.0000000e+000
  2.4483789e-015
 -2.2883680e+002
  2.2878571e+002
  3.0385714e+002
 -1.0303371e+001
  1.1509685e+002
  2.2374301e+002
 -8.6298275e+000
 -1.5905615e+001
 -1.9216693e+002
  2.4442857e+002
  3.0428571e+002
 -1.6672591e+002
  3.8378766e+001
  5.5986818e+000
  3.5285733e+001
 -3.6236814e+001
 -1.6249909e+002
  2.4264286e+002
  3.1157143e+002
  1.4138095e-014
 -0.0000000e+000
 -2.2847290e+002
  0.0000000e+000
  2.4483789e-015
 -2.2883680e+002
  2.3000000e+002
  3.0200000e+002
 -1.0303371e+001
  1.1509685e+002
  2.2374301e+002
 -8.6298275e+000
 -1.5905615e+001
 -1.9216693e+002
  2.4471429e+002
  3.0728571e+002
 -1.6672591e+002
  3.8378766e+001
  5.5986818e+000
  3.5285733e+001
 -3.6236814e+001
 -1.6249909e+002
  2.4535714e+002
  3.1350000e+002
  1.4138095e-014
 -0.0000000e+000
 -2.2847290e+002
  0.0000000e+000
  2.4483789e-015
 -2.2883680e+002
  2.2985714e+002
  3.0050000e+002
 -1.0303371e+001
  1.1509685e+002
  2.2374301e+002
 -8.6298275e+000
 -1.5905615e+001
 -1.9216693e+002
  2.5021429e+002
  3.1064286e+002
 -1.6672591e+002
  3.8378766e+001
  5.5986818e+000
  3.5285733e+001
 -3.6236814e+001
 -1.6249909e+002
  2.4878571e+002
  3.1607143e+002
  1.4138095e-014
 -0.0000000e+000
 -2.2847290e+002
  0.0000000e+000
  2.4483789e-015
 -2.2883680e+002
  2.3057143e+002
  3.0028571e+002
 -1.0303371e+001
  1.1509685e+002
  2.2374301e+002
 -8.6298275e+000
 -1.5905615e+001
 -1.9216693e+002
  2.4421429e+002
  3.1785714e+002
 -1.6672591e+002
  3.8378766e+001
  5.5986818e+000
  3.5285733e+001
 -3.6236814e+001
 -1.6249909e+002
  2.5257143e+002
  3.1721429e+002
  1.4138095e-014
 -0.0000000e+000
 -2.2847290e+002
  0.0000000e+000
  2.4483789e-015
 -2.2883680e+002
  2.3221429e+002
  3.0100000e+002
 -1.0303371e+001
  1.1509685e+002
  2.2374301e+002
 -8.6298275e+000
 -1.5905615e+001
 -1.9216693e+002
  2.3128571e+002
  3.2357143e+002
 -1.6672591e+002
  3.8378766e+001
  5.5986818e+000
  3.5285733e+001
 -3.6236814e+001
 -1.6249909e+002
  2.5550000e+002
  3.1578571e+002
  1.4138095e-014
 -0.0000000e+000
 -2.2847290e+002
  0.0000000e+000
  2.4483789e-015
 -2.2883680e+002
  2.3407143e+002
  3.0214286e+002
 -1.0303371e+001
  1.1509685e+002
  2.2374301e+002
 -8.6298275e+000
 -1.5905615e+001
 -1.9216693e+002
  2.3642857e+002
  3.2178571e+002
 -1.6672591e+002
  3.8378766e+001
  5.5986818e+000
  3.5285733e+001
 -3.6236814e+001
 -1.6249909e+002
  2.5342857e+002
  3.1364286e+002
  1.4138095e-014
 -0.0000000e+000
 -2.2847290e+002
  0.0000000e+000
  2.4483789e-015
 -2.2883680e+002
  2.3578571e+002
  3.0385714e+002
 -1.0303371e+001
  1.1509685e+002
  2.2374301e+002
 -8.6298275e+000
 -1.5905615e+001
 -1.9216693e+002
  2.3985714e+002
  3.1842857e+002
 -1.6672591e+002
  3.8378766e+001
  5.5986818e+000
  3.5285733e+001
 -3.6236814e+001
 -1.6249909e+002
  2.4814286e+002
  3.1128571e+002
  1.4138095e-014
 -0.0000000e+000
 -2.2847290e+002
  0.0000000e+000
  2.4483789e-015
 -2.2883680e+002
  2.3707143e+002
  3.0507143e+002
 -1.0303371e+001
  1.1509685e+002
  2.2374301e+002
 -8.6298275e+000
 -1.5905615e+001
 -1.9216693e+002
  2.4150000e+002
  3.1657143e+002
 -1.6672591e+002
  3.8378766e+001
  5.5986818e+000
  3.5285733e+001
 -3.6236814e+001
 -1.6249909e+002
  2.4128571e+002
  3.1021429e+002
  1.4138095e-014
 -0.0000000e+000
 -2.2847290e+002
  0.0000000e+000
  2.4483789e-015
 -2.2883680e+002
  2.3750000e+002
  3.0564286e+002
 -1.0303371e+001
  1.1509685e+002
  2.2374301e+002
 -8.6298275e+000
 -1.5905615e+001
 -1.9216693e+002
  2.4071429e+002
  3.1407143e+002
 -1.6672591e+002
  3.8378766e+001
  5.5986818e+000
  3.5285733e+001
 -3.6236814e+001
 -1.6249909e+002
  2.3721429e+002
  3.0935714e+002
  1.4138095e-014
 -0.0000000e+000
 -2.2847290e+002
  0.0000000e+000
  2.4483789e-015
 -2.2883680e+002
  2.3750000e+002
  3.0635714e+002
 -1.0303371e+001
  1.1509685e+002
  2.2374301e+002
 -8.6298275e+000
 -1.5905615e+001
 -1.9216693e+002
  2.4185714e+002
  3.1300000e+002
 -1.6672591e+002
  3.8378766e+001
  5.5986818e+000
  3.5285733e+001
 -3.6236814e+001
 -1.6249909e+002
  2.3642857e+002
  3.0871429e+002
  1.4138095e-014
 -0.0000000e+000
 -2.2847290e+002
  0.0000000e+000
  2.4483789e-015
 -2.2883680e+002
  2.4007143e+002
  3.0664286e+002
 -1.0303371e+001
  1.1509685e+002
  2.2374301e+002
 -8.6298275e+000
 -1.5905615e+001
 -1.9216693e+002
  2.3892857e+002
  3.1171429e+002
 -1.6672591e+002
  3.8378766e+001
  5.5986818e+000
  3.5285733e+001
 -3.6236814e+001
 -1.6249909e+002
  2.3600000e+002
  3.0800000e+002
  1.4138095e-014
 -0.0000000e+000
 -2.2847290e+002
  0.0000000e+000
  2.4483789e-015
 -2.2883680e+002
  2.4235714e+002
  3.0714286e+002
 -1.0303371e+001
  1.1509685e+002
  2.2374301e+002
 -8.6298275e+000
 -1.5905615e+001
 -1.9216693e+002
  2.3578571e+002
  3.0964286e+002
 -1.6672591e+002
  3.8378766e+001
  5.5986818e+000
  3.5285733e+001
 -3.6236814e+001
 -1.6249909e+002
  2.3521429e+002
  3.0742857e+002
  1.4138095e-014
 -0.0000000e+000
 -2.2847290e+002
  0.0000000e+000
  2.4483789e-015
 -2.2883680e+002
  2.4257143e+002
  3.0750000e+002
 -1.0303371e+001
  1.1509685e+002
  2.2374301e+002
 -8.6298275e+000
 -1.5905615e+001
 -1.9216693e+002
  2.3242857e+002
  3.0821429e+002
 -1.6672591e+002
  3.8378766e+001
  5.5986818e+000
  3.5285733e+001
 -3.6236814e+001
 -1.6249909e+002
  2.3457143e+002
  3.0792857e+002
  1.4138095e-014
 -0.0000000e+000
 -2.2847290e+002
  0.0000000e+000
  2.4483789e-015
 -2.2883680e+002
  2.4064286e+002
  3.0428571e+002
 -1.0303371e+001
  1.1509685e+002
  2.2374301e+002
 -8.6298275e+000
 -1.5905615e+001
 -1.9216693e+002
  2.2935714e+002
  3.0735714e+002
 -1.6672591e+002
  3.8378766e+001
  5.5986818e+000
  3.5285733e+001
 -3.6236814e+001
 -1.6249909e+002
  2.3385714e+002
  3.0950000e+002
  1.4138095e-014
 -0.0000000e+000
 -2.2847290e+002
  0.0000000e+000
  2.4483789e-015
 -2.2883680e+002
  2.4100000e+002
  3.0171429e+002
 -1.0303371e+001
  1.1509685e+002
  2.2374301e+002
 -8.6298275e+000
 -1.5905615e+001
 -1.9216693e+002
  2.2392857e+002
  3.0750000e+002
 -1.6672591e+002
  3.8378766e+001
  5.5986818e+000
  3.5285733e+001
 -3.6236814e+001
 -1.6249909e+002
  2.3364286e+002
  3.1250000e+002
  1.4138095e-014
 -0.0000000e+000
 -2.2847290e+002
  0.0000000e+000
  2.4483789e-015
 -2.2883680e+002
  2.4450000e+002
  3.0178571e+002
 -1.0303371e+001
  1.1509685e+002
  2.2374301e+002
 -8.6298275e+000
 -1.5905615e+001
 -1.9216693e+002
  2.2035714e+002
  3.1150000e+002
 -1.6672591e+002
  3.8378766e+001
  5.5986818e+000
  3.5285733e+001
 -3.6236814e+001
 -1.6249909e+002
  2.3378571e+002
  3.1492857e+002
  1.4138095e-014
 -0.0000000e+000
 -2.2847290e+002
  0.0000000e+000
  2.4483789e-015
 -2.2883680e+002
  2.4635714e+002
  3.0214286e+002
 -1.0303371e+001
  1.1509685e+002
  2.2374301e+002
 -8.6298275e+000
 -1.5905615e+001
 -1.9216693e+002
  2.2000000e+002
  3.1771429e+002
 -1.6672591e+002
  3.8378766e+001
  5.5986818e+000
  3.5285733e+001
 -3.6236814e+001
 -1.6249909e+002
  2.3478571e+002
  3.1792857e+002
  1.4138095e-014
 -0.0000000e+000
 -2.2847290e+002
  0.0000000e+000
  2.4483789e-015
 -2.2883680e+002
  2.4785714e+002
  3.0435714e+002
 -1.0303371e+001
  1.1509685e+002
  2.2374301e+002
 -8.6298275e+000
 -1.5905615e+001
 -1.9216693e+002
  2.2335714e+002
  3.2014286e+002
 -1.6672591e+002
  3.8378766e+001
  5.5986818e+000
  3.5285733e+001
 -3.6236814e+001
 -1.6249909e+002
  2.3464286e+002
  3.2150000e+002
  1.4138095e-014
 -0.0000000e+000
 -2.2847290e+002
  0.0000000e+000
  2.4483789e-015
 -2.2883680e+002
  2.4735714e+002
  3.0521429e+002
 -1.0303371e+001
  1.1509685e+002
  2.2374301e+002
 -8.6298275e+000
 -1.5905615e+001
 -1.9216693e+002
  2.2857143e+002
  3.1721429e+002
 -1.6672591e+002
  3.8378766e+001
  5.5986818e+000
  3.5285733e+001
 -3.6236814e+001
 -1.6249909e+002
  2.3385714e+002
  3.1985714e+002
  1.4138095e-014
 -0.0000000e+000
 -2.2847290e+002
  0.0000000e+000
  2.4483789e-015
 -2.2883680e+002
  2.4550000e+002
  3.0678571e+002
 -1.0303371e+001
  1.1509685e+002
  2.2374301e+002
 -8.6298275e+000
 -1.5905615e+001
 -1.9216693e+002
  2.3378571e+002
  3.1407143e+002
 -1.6672591e+002
  3.8378766e+001
  5.5986818e+000
  3.5285733e+001
 -3.6236814e+001
 -1.6249909e+002
  2.3650000e+002
  3.1721429e+002
  1.4138095e-014
 -0.0000000e+000
 -2.2847290e+002
  0.0000000e+000
  2.4483789e-015
 -2.2883680e+002
  2.3907143e+002
  3.0871429e+002
 -1.0303371e+001
  1.1509685e+002
  2.2374301e+002
 -8.6298275e+000
 -1.5905615e+001
 -1.9216693e+002
  2.4228571e+002
  3.1178571e+002
 -1.6672591e+002
  3.8378766e+001
  5.5986818e+000
  3.5285733e+001
 -3.6236814e+001
 -1.6249909e+002
  2.4035714e+002
  3.1550000e+002
  1.4138095e-014
 -0.0000000e+000
 -2.2847290e+002
  0.0000000e+000
  2.4483789e-015
 -2.2883680e+002
  2.3092857e+002
  3.0964286e+002
 -1.0303371e+001
  1.1509685e+002
  2.2374301e+002
 -8.6298275e+000
 -1.5905615e+001
 -1.9216693e+002
  2.5042857e+002
  3.1107143e+002
 -1.6672591e+002
  3.8378766e+001
  5.5986818e+000
  3.5285733e+001
 -3.6236814e+001
 -1.6249909e+002
  2.4028571e+002
  3.1357143e+002
  1.4138095e-014
 -0.0000000e+000
 -2.2847290e+002
  0.0000000e+000
  2.4483789e-015
 -2.2883680e+002
  2.2985714e+002
  3.1142857e+002
 -1.0303371e+001
  1.1509685e+002
  2.2374301e+002
 -8.6298275e+000
 -1.5905615e+001
 -1.9216693e+002
  2.5035714e+002
  3.1057143e+002
 -1.6672591e+002
  3.8378766e+001
  5.5986818e+000
  3.5285733e+001
 -3.6236814e+001
 -1.6249909e+002
  2.3628571e+002
  3.1271429e+002
  1.4138095e-014
 -0.0000000e+000
 -2.2847290e+002
  0.0000000e+000
  2.4483789e-015
 -2.2883680e+002
  2.2900000e+002
  3.1250000e+002
 -1.0303371e+001
  1.1509685e+002
  2.2374301e+002
 -8.6298275e+000
 -1.5905615e+001
 -1.9216693e+002
  2.4521429e+002
  3.0871429e+002
 -1.6672591e+002
  3.8378766e+001
  5.5986818e+000
  3.5285733e+001
 -3.6236814e+001
 -1.6249909e+002
  2.3292857e+002
  3.1150000e+002
  1.4138095e-014
 -0.0000000e+000
 -2.2847290e+002
  0.0000000e+000
  2.4483789e-015
 -2.2883680e+002
  2.2878571e+002
  3.0921429e+002
 -1.0303371e+001
  1.1509685e+002
  2.2374301e+002
 -8.6298275e+000
 -1.5905615e+001
 -1.9216693e+002
  2.4828571e+002
  3.0657143e+002
 -1.6672591e+002
  3.8378766e+001
  5.5986818e+000
  3.5285733e+001
 -3.6236814e+001
 -1.6249909e+002
  2.3357143e+002
  3.1150000e+002
  1.4138095e-014
 -0.0000000e+000
 -2.2847290e+002
  0.0000000e+000
  2.4483789e-015
 -2.2883680e+002
  2.2800000e+002
  3.0492857e+002
 -1.0303371e+001
  1.1509685e+002
  2.2374301e+002
 -8.6298275e+000
 -1.5905615e+001
 -1.9216693e+002
  2.5235714e+002
  3.0428571e+002
 -1.6672591e+002
  3.8378766e+001
  5.5986818e+000
  3.5285733e+001
 -3.6236814e+001
 -1.6249909e+002
  2.3228571e+002
  3.1250000e+002
  1.4138095e-014
 -0.0000000e+000
 -2.2847290e+002
  0.0000000e+000
  2.4483789e-015
 -2.2883680e+002
  2.2785714e+002
  3.0485714e+002
 -1.0303371e+001
  1.1509685e+002
  2.2374301e+002
 -8.6298275e+000
 -1.5905615e+001
 -1.9216693e+002
  2.5121429e+002
  3.0400000e+002
 -1.6672591e+002
  3.8378766e+001
  5.5986818e+000
  3.5285733e+001
 -3.6236814e+001
 -1.6249909e+002
  2.3321429e+002
  3.1378571e+002
  1.4138095e-014
 -0.0000000e+000
 -2.2847290e+002
  0.0000000e+000
  2.4483789e-015
 -2.2883680e+002
  2.2814286e+002
  3.0428571e+002
 -1.0303371e+001
  1.1509685e+002
  2.2374301e+002
 -8.6298275e+000
 -1.5905615e+001
 -1.9216693e+002
  2.4442857e+002
  3.0750000e+002
 -1.6672591e+002
  3.8378766e+001
  5.5986818e+000
  3.5285733e+001
 -3.6236814e+001
 -1.6249909e+002
  2.3807143e+002
  3.1607143e+002
  1.4138095e-014
 -0.0000000e+000
 -2.2847290e+002
  0.0000000e+000
  2.4483789e-015
 -2.2883680e+002
  2.2864286e+002
  3.0414286e+002
 -1.0303371e+001
  1.1509685e+002
  2.2374301e+002
 -8.6298275e+000
 -1.5905615e+001
 -1.9216693e+002
  2.3971429e+002
  3.1157143e+002
 -1.6672591e+002
  3.8378766e+001
  5.5986818e+000
  3.5285733e+001
 -3.6236814e+001
 -1.6249909e+002
  2.4457143e+002
  3.1871429e+002
  1.4138095e-014
 -0.0000000e+000
 -2.2847290e+002
  0.0000000e+000
  2.4483789e-015
 -2.2883680e+002
  2.2964286e+002
  3.0385714e+002
 -1.0303371e+001
  1.1509685e+002
  2.2374301e+002
 -8.6298275e+000
 -1.5905615e+001
 -1.9216693e+002
  2.3978571e+002
  3.1771429e+002
 -1.6672591e+002
  3.8378766e+001
  5.5986818e+000
  3.5285733e+001
 -3.6236814e+001
 -1.6249909e+002
  2.5000000e+002
  3.2207143e+002
  1.4138095e-014
 -0.0000000e+000
 -2.2847290e+002
  0.0000000e+000
  2.4483789e-015
 -2.2883680e+002
  2.3214286e+002
  3.0414286e+002
 -1.0303371e+001
  1.1509685e+002
  2.2374301e+002
 -8.6298275e+000
 -1.5905615e+001
 -1.9216693e+002
  2.3757143e+002
  3.2221429e+002
 -1.6672591e+002
  3.8378766e+001
  5.5986818e+000
  3.5285733e+001
 -3.6236814e+001
 -1.6249909e+002
  2.5385714e+002
  3.1907143e+002
  1.4138095e-014
 -0.0000000e+000
 -2.2847290e+002
  0.0000000e+000
  2.4483789e-015
 -2.2883680e+002
  2.3528571e+002
  3.0564286e+002
 -1.0303371e+001
  1.1509685e+002
  2.2374301e+002
 -8.6298275e+000
 -1.5905615e+001
 -1.9216693e+002
  2.3650000e+002
  3.2164286e+002
 -1.6672591e+002
  3.8378766e+001
  5.5986818e+000
  3.5285733e+001
 -3.6236814e+001
 -1.6249909e+002
  2.5350000e+002
  3.1550000e+002
  1.4138095e-014
 -0.0000000e+000
 -2.2847290e+002
  0.0000000e+000
  2.4483789e-015
 -2.2883680e+002
  2.3750000e+002
  3.0792857e+002
 -1.0303371e+001
  1.1509685e+002
  2.2374301e+002
 -8.6298275e+000
 -1.5905615e+001
 -1.9216693e+002
  2.3521429e+002
  3.2307143e+002
 -1.6672591e+002
  3.8378766e+001
  5.5986818e+000
  3.5285733e+001
 -3.6236814e+001
 -1.6249909e+002
  2.4271429e+002
  3.1364286e+002
  1.4138095e-014
 -0.0000000e+000
 -2.2847290e+002
  0.0000000e+000
  2.4483789e-015
 -2.2883680e+002
  2.3935714e+002
  3.0935714e+002
 -1.0303371e+001
  1.1509685e+002
  2.2374301e+002
 -8.6298275e+000
 -1.5905615e+001
 -1.9216693e+002
  2.3492857e+002
  3.1992857e+002
 -1.6672591e+002
  3.8378766e+001
  5.5986818e+000
  3.5285733e+001
 -3.6236814e+001
 -1.6249909e+002
  2.3857143e+002
  3.1150000e+002
  1.4138095e-014
 -0.0000000e+000
 -2.2847290e+002
  0.0000000e+000
  2.4483789e-015
 -2.2883680e+002
  2.4050000e+002
  3.1135714e+002
 -1.0303371e+001
  1.1509685e+002
  2.2374301e+002
 -8.6298275e+000
 -1.5905615e+001
 -1.9216693e+002
  2.3614286e+002
  3.1507143e+002
 -1.6672591e+002
  3.8378766e+001
  5.5986818e+000
  3.5285733e+001
 -3.6236814e+001
 -1.6249909e+002
  2.3607143e+002
  3.0942857e+002
  1.4138095e-014
 -0.0000000e+000
 -2.2847290e+002
  0.0000000e+000
  2.4483789e-015
 -2.2883680e+002
  2.3871429e+002
  3.1292857e+002
 -1.0303371e+001
  1.1509685e+002
  2.2374301e+002
 -8.6298275e+000
 -1.5905615e+001
 -1.9216693e+002
  2.3792857e+002
  3.1221429e+002
 -1.6672591e+002
  3.8378766e+001
  5.5986818e+000
  3.5285733e+001
 -3.6236814e+001
 -1.6249909e+002
  2.3571429e+002
  3.0878571e+002
  1.4138095e-014
 -0.0000000e+000
 -2.2847290e+002
  0.0000000e+000
  2.4483789e-015
 -2.2883680e+002
  2.3550000e+002
  3.1307143e+002
 -1.0303371e+001
  1.1509685e+002
  2.2374301e+002
 -8.6298275e+000
 -1.5905615e+001
 -1.9216693e+002
  2.3514286e+002
  3.1000000e+002
 -1.6672591e+002
  3.8378766e+001
  5.5986818e+000
  3.5285733e+001
 -3.6236814e+001
 -1.6249909e+002
  2.3535714e+002
  3.0835714e+002
  1.4138095e-014
 -0.0000000e+000
 -2.2847290e+002
  0.0000000e+000
  2.4483789e-015
 -2.2883680e+002
  2.3985714e+002
  3.1357143e+002
 -1.0303371e+001
  1.1509685e+002
  2.2374301e+002
 -8.6298275e+000
 -1.5905615e+001
 -1.9216693e+002
  2.2964286e+002
  3.0814286e+002
 -1.6672591e+002
  3.8378766e+001
  5.5986818e+000
  3.5285733e+001
 -3.6236814e+001
 -1.6249909e+002
  2.3635714e+002
  3.0792857e+002
  1.4138095e-014
 -0.0000000e+000
 -2.2847290e+002
  0.0000000e+000
  2.4483789e-015
 -2.2883680e+002
  2.3978571e+002
  3.1135714e+002
 -1.0303371e+001
  1.1509685e+002
  2.2374301e+002
 -8.6298275e+000
 -1.5905615e+001
 -1.9216693e+002
  2.2671429e+002
  3.0821429e+002
 -1.6672591e+002
  3.8378766e+001
  5.5986818e+000
  3.5285733e+001
 -3.6236814e+001
 -1.6249909e+002
  2.3671429e+002
  3.0842857e+002
  1.4138095e-014
 -0.0000000e+000
 -2.2847290e+002
  0.0000000e+000
  2.4483789e-015
 -2.2883680e+002
  2.4235714e+002
  3.0964286e+002
 -1.0303371e+001
  1.1509685e+002
  2.2374301e+002
 -8.6298275e+000
 -1.5905615e+001
 -1.9216693e+002
  2.1821429e+002
  3.0964286e+002
 -1.6672591e+002
  3.8378766e+001
  5.5986818e+000
  3.5285733e+001
 -3.6236814e+001
 -1.6249909e+002
  2.3571429e+002
  3.1000000e+002
  1.4138095e-014
 -0.0000000e+000
 -2.2847290e+002
  0.0000000e+000
  2.4483789e-015
 -2.2883680e+002
  2.4792857e+002
  3.0885714e+002
 -1.0303371e+001
  1.1509685e+002
  2.2374301e+002
 -8.6298275e+000
 -1.5905615e+001
 -1.9216693e+002
  2.0907143e+002
  3.1292857e+002
 -1.6672591e+002
  3.8378766e+001
  5.5986818e+000
  3.5285733e+001
 -3.6236814e+001
 -1.6249909e+002
  2.3564286e+002
  3.1235714e+002
  1.4138095e-014
 -0.0000000e+000
 -2.2847290e+002
  0.0000000e+000
  2.4483789e-015
 -2.2883680e+002
  2.5400000e+002
  3.0914286e+002
 -1.0303371e+001
  1.1509685e+002
  2.2374301e+002
 -8.6298275e+000
 -1.5905615e+001
 -1.9216693e+002
  2.0564286e+002
  3.1735714e+002
 -1.6672591e+002
  3.8378766e+001
  5.5986818e+000
  3.5285733e+001
 -3.6236814e+001
 -1.6249909e+002
  2.3471429e+002
  3.1564286e+002
  1.4138095e-014
 -0.0000000e+000
 -2.2847290e+002
  0.0000000e+000
  2.4483789e-015
 -2.2883680e+002
  2.5957143e+002
  3.0928571e+002
 -1.0303371e+001
  1.1509685e+002
  2.2374301e+002
 -8.6298275e+000
 -1.5905615e+001
 -1.9216693e+002
  2.0521429e+002
  3.1721429e+002
 -1.6672591e+002
  3.8378766e+001
  5.5986818e+000
  3.5285733e+001
 -3.6236814e+001
 -1.6249909e+002
  2.3328571e+002
  3.1650000e+002
  1.4138095e-014
 -0.0000000e+000
 -2.2847290e+002
  0.0000000e+000
  2.4483789e-015
 -2.2883680e+002
  2.6528571e+002
  3.0957143e+002
 -1.0303371e+001
  1.1509685e+002
  2.2374301e+002
 -8.6298275e+000
 -1.5905615e+001
 -1.9216693e+002
  2.0764286e+002
  3.1657143e+002
 -1.6672591e+002
  3.8378766e+001
  5.5986818e+000
  3.5285733e+001
 -3.6236814e+001
 -1.6249909e+002
  2.3271429e+002
  3.1550000e+002
  1.4138095e-014
 -0.0000000e+000
 -2.2847290e+002
  0.0000000e+000
  2.4483789e-015
 -2.2883680e+002
  2.6557143e+002
  3.1064286e+002
 -1.0303371e+001
  1.1509685e+002
  2.2374301e+002
 -8.6298275e+000
 -1.5905615e+001
 -1.9216693e+002
  2.1428571e+002
  3.1635714e+002
 -1.6672591e+002
  3.8378766e+001
  5.5986818e+000
  3.5285733e+001
 -3.6236814e+001
 -1.6249909e+002
  2.3092857e+002
  3.1414286e+002
  1.4138095e-014
 -0.0000000e+000
 -2.2847290e+002
  0.0000000e+000
  2.4483789e-015
 -2.2883680e+002
  2.5907143e+002
  3.1250000e+002
 -1.0303371e+001
  1.1509685e+002
  2.2374301e+002
 -8.6298275e+000
 -1.5905615e+001
 -1.9216693e+002
  2.2642857e+002
  3.1592857e+002
 -1.6672591e+002
  3.8378766e+001
  5.5986818e+000
  3.5285733e+001
 -3.6236814e+001
 -1.6249909e+002
  2.3321429e+002
  3.1214286e+002
  1.4138095e-014
 -0.0000000e+000
 -2.2847290e+002
  0.0000000e+000
  2.4483789e-015
 -2.2883680e+002
  2.4671429e+002
  3.1485714e+002
 -1.0303371e+001
  1.1509685e+002
  2.2374301e+002
 -8.6298275e+000
 -1.5905615e+001
 -1.9216693e+002
  2.4135714e+002
  3.1450000e+002
 -1.6672591e+002
  3.8378766e+001
  5.5986818e+000
  3.5285733e+001
 -3.6236814e+001
 -1.6249909e+002
  2.3757143e+002
  3.1107143e+002
  1.4138095e-014
 -0.0000000e+000
 -2.2847290e+002
  0.0000000e+000
  2.4483789e-015
 -2.2883680e+002
  2.3385714e+002
  3.1728571e+002
 -1.0303371e+001
  1.1509685e+002
  2.2374301e+002
 -8.6298275e+000
 -1.5905615e+001
 -1.9216693e+002
  2.4371429e+002
  3.1207143e+002
 -1.6672591e+002
  3.8378766e+001
  5.5986818e+000
  3.5285733e+001
 -3.6236814e+001
 -1.6249909e+002
  2.3971429e+002
  3.1142857e+002
  1.4138095e-014
 -0.0000000e+000
 -2.2847290e+002
  0.0000000e+000
  2.4483789e-015
 -2.2883680e+002
  2.3207143e+002
  3.1857143e+002
 -1.0303371e+001
  1.1509685e+002
  2.2374301e+002
 -8.6298275e+000
 -1.5905615e+001
 -1.9216693e+002
  2.4492857e+002
  3.1085714e+002
 -1.6672591e+002
  3.8378766e+001
  5.5986818e+000
  3.5285733e+001
 -3.6236814e+001
 -1.6249909e+002
  2.3835714e+002
  3.1200000e+002
  1.4138095e-014
 -0.0000000e+000
 -2.2847290e+002
  0.0000000e+000
  2.4483789e-015
 -2.2883680e+002
  2.3050000e+002
  3.1978571e+002
 -1.0303371e+001
  1.1509685e+002
  2.2374301e+002
 -8.6298275e+000
 -1.5905615e+001
 -1.9216693e+002
  2.4514286e+002
  3.0878571e+002
 -1.6672591e+002
  3.8378766e+001
  5.5986818e+000
  3.5285733e+001
 -3.6236814e+001
 -1.6249909e+002
  2.3778571e+002
  3.1271429e+002
  1.4138095e-014
 -0.0000000e+000
 -2.2847290e+002
  0.0000000e+000
  2.4483789e-015
 -2.2883680e+002
  2.3207143e+002
  3.1542857e+002
 -1.0303371e+001
  1.1509685e+002
  2.2374301e+002
 -8.6298275e+000
 -1.5905615e+001
 -1.9216693e+002
  2.4107143e+002
  3.0707143e+002
 -1.6672591e+002
  3.8378766e+001
  5.5986818e+000
  3.5285733e+001
 -3.6236814e+001
 -1.6249909e+002
  2.3307143e+002
  3.1428571e+002
  1.4138095e-014
 -0.0000000e+000
 -2.2847290e+002
  0.0000000e+000
  2.4483789e-015
 -2.2883680e+002
  2.3478571e+002
  3.1114286e+002
 -1.0303371e+001
  1.1509685e+002
  2.2374301e+002
 -8.6298275e+000
 -1.5905615e+001
 -1.9216693e+002
  2.3842857e+002
  3.0792857e+002
 -1.6672591e+002
  3.8378766e+001
  5.5986818e+000
  3.5285733e+001
 -3.6236814e+001
 -1.6249909e+002
  2.3235714e+002
  3.1571429e+002
  1.4138095e-014
 -0.0000000e+000
 -2.2847290e+002
  0.0000000e+000
  2.4483789e-015
 -2.2883680e+002
  2.3892857e+002
  3.0814286e+002
 -1.0303371e+001
  1.1509685e+002
  2.2374301e+002
 -8.6298275e+000
 -1.5905615e+001
 -1.9216693e+002
  2.3578571e+002
  3.0985714e+002
 -1.6672591e+002
  3.8378766e+001
  5.5986818e+000
  3.5285733e+001
 -3.6236814e+001
 -1.6249909e+002
  2.3671429e+002
  3.1778571e+002
  1.4138095e-014
 -0.0000000e+000
 -2.2847290e+002
  0.0000000e+000
  2.4483789e-015
 -2.2883680e+002
  2.4142857e+002
  3.0850000e+002
 -1.0303371e+001
  1.1509685e+002
  2.2374301e+002
 -8.6298275e+000
 -1.5905615e+001
 -1.9216693e+002
  2.3600000e+002
  3.1485714e+002
 -1.6672591e+002
  3.8378766e+001
  5.5986818e+000
  3.5285733e+001
 -3.6236814e+001
 -1.6249909e+002
  2.4142857e+002
  3.2042857e+002
  1.4138095e-014
 -0.0000000e+000
 -2.2847290e+002
  0.0000000e+000
  2.4483789e-015
 -2.2883680e+002
  2.4185714e+002
  3.0928571e+002
 -1.0303371e+001
  1.1509685e+002
  2.2374301e+002
 -8.6298275e+000
 -1.5905615e+001
 -1.9216693e+002
  2.3778571e+002
  3.2050000e+002
 -1.6672591e+002
  3.8378766e+001
  5.5986818e+000
  3.5285733e+001
 -3.6236814e+001
 -1.6249909e+002
  2.4507143e+002
  3.1957143e+002
  1.4138095e-014
 -0.0000000e+000
 -2.2847290e+002
  0.0000000e+000
  2.4483789e-015
 -2.2883680e+002
  2.4085714e+002
  3.1107143e+002
 -1.0303371e+001
  1.1509685e+002
  2.2374301e+002
 -8.6298275e+000
 -1.5905615e+001
 -1.9216693e+002
  2.4121429e+002
  3.1978571e+002
 -1.6672591e+002
  3.8378766e+001
  5.5986818e+000
  3.5285733e+001
 -3.6236814e+001
 -1.6249909e+002
  2.4600000e+002
  3.1864286e+002
  1.4138095e-014
 -0.0000000e+000
 -2.2847290e+002
  0.0000000e+000
  2.4483789e-015
 -2.2883680e+002
  2.3814286e+002
  3.1350000e+002
 -1.0303371e+001
  1.1509685e+002
  2.2374301e+002
 -8.6298275e+000
 -1.5905615e+001
 -1.9216693e+002
  2.4664286e+002
  3.1985714e+002
 -1.6672591e+002
  3.8378766e+001
  5.5986818e+000
  3.5285733e+001
 -3.6236814e+001
 -1.6249909e+002
  2.4150000e+002
  3.1914286e+002
  1.4138095e-014
 -0.0000000e+000
 -2.2847290e+002
  0.0000000e+000
  2.4483789e-015
 -2.2883680e+002
  2.3642857e+002
  3.1414286e+002
 -1.0303371e+001
  1.1509685e+002
  2.2374301e+002
 -8.6298275e+000
 -1.5905615e+001
 -1.9216693e+002
  2.4835714e+002
  3.2085714e+002
 -1.6672591e+002
  3.8378766e+001
  5.5986818e+000
  3.5285733e+001
 -3.6236814e+001
 -1.6249909e+002
  2.3678571e+002
  3.1885714e+002
  1.4138095e-014
 -0.0000000e+000
 -2.2847290e+002
  0.0000000e+000
  2.4483789e-015
 -2.2883680e+002
  2.3407143e+002
  3.1371429e+002
 -1.0303371e+001
  1.1509685e+002
  2.2374301e+002
 -8.6298275e+000
 -1.5905615e+001
 -1.9216693e+002
  2.4442857e+002
  3.2000000e+002
 -1.6672591e+002
  3.8378766e+001
  5.5986818e+000
  3.5285733e+001
 -3.6236814e+001
 -1.6249909e+002
  2.3492857e+002
  3.1714286e+002
  1.4138095e-014
 -0.0000000e+000
 -2.2847290e+002
  0.0000000e+000
  2.4483789e-015
 -2.2883680e+002
  2.3457143e+002
  3.1314286e+002
 -1.0303371e+001
  1.1509685e+002
  2.2374301e+002
 -8.6298275e+000
 -1.5905615e+001
 -1.9216693e+002
  2.4450000e+002
  3.1857143e+002
 -1.6672591e+002
  3.8378766e+001
  5.5986818e+000
  3.5285733e+001
 -3.6236814e+001
 -1.6249909e+002
  2.3307143e+002
  3.1621429e+002
  1.4138095e-014
 -0.0000000e+000
 -2.2847290e+002
  0.0000000e+000
  2.4483789e-015
 -2.2883680e+002
  2.3000000e+002
  3.1307143e+002
 -1.0303371e+001
  1.1509685e+002
  2.2374301e+002
 -8.6298275e+000
 -1.5905615e+001
 -1.9216693e+002
  2.4257143e+002
  3.1728571e+002
 -1.6672591e+002
  3.8378766e+001
  5.5986818e+000
  3.5285733e+001
 -3.6236814e+001
 -1.6249909e+002
  2.3457143e+002
  3.1414286e+002
  1.4138095e-014
 -0.0000000e+000
 -2.2847290e+002
  0.0000000e+000
  2.4483789e-015
 -2.2883680e+002
  2.2585714e+002
  3.1442857e+002
 -1.0303371e+001
  1.1509685e+002
  2.2374301e+002
 -8.6298275e+000
 -1.5905615e+001
 -1.9216693e+002
  2.3800000e+002
  3.1450000e+002
 -1.6672591e+002
  3.8378766e+001
  5.5986818e+000
  3.5285733e+001
 -3.6236814e+001
 -1.6249909e+002
  2.3657143e+002
  3.1257143e+002
  1.4138095e-014
 -0.0000000e+000
 -2.2847290e+002
  0.0000000e+000
  2.4483789e-015
 -2.2883680e+002
  2.3192857e+002
  3.1485714e+002
 -1.0303371e+001
  1.1509685e+002
  2.2374301e+002
 -8.6298275e+000
 -1.5905615e+001
 -1.9216693e+002
  2.3421429e+002
  3.1185714e+002
 -1.6672591e+002
  3.8378766e+001
  5.5986818e+000
  3.5285733e+001
 -3.6236814e+001
 -1.6249909e+002
  2.3785714e+002
  3.1050000e+002
  1.4138095e-014
 -0.0000000e+000
 -2.2847290e+002
  0.0000000e+000
  2.4483789e-015
 -2.2883680e+002
  2.2628571e+002
  3.1607143e+002
 -1.0303371e+001
  1.1509685e+002
  2.2374301e+002
 -8.6298275e+000
 -1.5905615e+001
 -1.9216693e+002
  2.3350000e+002
  3.0892857e+002
 -1.6672591e+002
  3.8378766e+001
  5.5986818e+000
  3.5285733e+001
 -3.6236814e+001
 -1.6249909e+002
  2.3950000e+002
  3.0921429e+002
  1.4138095e-014
 -0.0000000e+000
 -2.2847290e+002
  0.0000000e+000
  2.4483789e-015
 -2.2883680e+002
  2.2928571e+002
  3.1757143e+002
 -1.0303371e+001
  1.1509685e+002
  2.2374301e+002
 -8.6298275e+000
 -1.5905615e+001
 -1.9216693e+002
  2.2757143e+002
  3.1085714e+002
 -1.6672591e+002
  3.8378766e+001
  5.5986818e+000
  3.5285733e+001
 -3.6236814e+001
 -1.6249909e+002
  2.4057143e+002
  3.0921429e+002
  1.4138095e-014
 -0.0000000e+000
 -2.2847290e+002
  0.0000000e+000
  2.4483789e-015
 -2.2883680e+002
  2.3721429e+002
  3.1921429e+002
 -1.0303371e+001
  1.1509685e+002
  2.2374301e+002
 -8.6298275e+000
 -1.5905615e+001
 -1.9216693e+002
  2.1864286e+002
  3.1478571e+002
 -1.6672591e+002
  3.8378766e+001
  5.5986818e+000
  3.5285733e+001
 -3.6236814e+001
 -1.6249909e+002
  2.4142857e+002
  3.0971429e+002
  1.4138095e-014
 -0.0000000e+000
 -2.2847290e+002
  0.0000000e+000
  2.4483789e-015
 -2.2883680e+002
  2.4650000e+002
  3.1700000e+002
 -1.0303371e+001
  1.1509685e+002
  2.2374301e+002
 -8.6298275e+000
 -1.5905615e+001
 -1.9216693e+002
  2.0921429e+002
  3.1907143e+002
 -1.6672591e+002
  3.8378766e+001
  5.5986818e+000
  3.5285733e+001
 -3.6236814e+001
 -1.6249909e+002
  2.4164286e+002
  3.1264286e+002
  1.4138095e-014
 -0.0000000e+000
 -2.2847290e+002
  0.0000000e+000
  2.4483789e-015
 -2.2883680e+002
  2.5542857e+002
  3.1392857e+002
 -1.0303371e+001
  1.1509685e+002
  2.2374301e+002
 -8.6298275e+000
 -1.5905615e+001
 -1.9216693e+002
  2.0385714e+002
  3.1678571e+002
 -1.6672591e+002
  3.8378766e+001
  5.5986818e+000
  3.5285733e+001
 -3.6236814e+001
 -1.6249909e+002
  2.4042857e+002
  3.1757143e+002
  1.4138095e-014
 -0.0000000e+000
 -2.2847290e+002
  0.0000000e+000
  2.4483789e-015
 -2.2883680e+002
  2.6285714e+002
  3.1085714e+002
 -1.0303371e+001
  1.1509685e+002
  2.2374301e+002
 -8.6298275e+000
 -1.5905615e+001
 -1.9216693e+002
  2.0400000e+002
  3.1435714e+002
 -1.6672591e+002
  3.8378766e+001
  5.5986818e+000
  3.5285733e+001
 -3.6236814e+001
 -1.6249909e+002
  2.3935714e+002
  3.1571429e+002
  1.4138095e-014
 -0.0000000e+000
 -2.2847290e+002
  0.0000000e+000
  2.4483789e-015
 -2.2883680e+002
  2.6392857e+002
  3.0971429e+002
 -1.0303371e+001
  1.1509685e+002
  2.2374301e+002
 -8.6298275e+000
 -1.5905615e+001
 -1.9216693e+002
  2.0578571e+002
  3.1364286e+002
 -1.6672591e+002
  3.8378766e+001
  5.5986818e+000
  3.5285733e+001
 -3.6236814e+001
 -1.6249909e+002
  2.3878571e+002
  3.2000000e+002
  1.4138095e-014
 -0.0000000e+000
 -2.2847290e+002
  0.0000000e+000
  2.4483789e-015
 -2.2883680e+002
  2.6392857e+002
  3.0785714e+002
 -1.0303371e+001
  1.1509685e+002
  2.2374301e+002
 -8.6298275e+000
 -1.5905615e+001
 -1.9216693e+002
  2.1221429e+002
  3.1300000e+002
 -1.6672591e+002
  3.8378766e+001
  5.5986818e+000
  3.5285733e+001
 -3.6236814e+001
 -1.6249909e+002
  2.3735714e+002
  3.2378571e+002
  1.4138095e-014
 -0.0000000e+000
 -2.2847290e+002
  0.0000000e+000
  2.4483789e-015
 -2.2883680e+002
  2.6164286e+002
  3.0914286e+002
 -1.0303371e+001
  1.1509685e+002
  2.2374301e+002
 -8.6298275e+000
 -1.5905615e+001
 -1.9216693e+002
  2.2678571e+002
  3.1150000e+002
 -1.6672591e+002
  3.8378766e+001
  5.5986818e+000
  3.5285733e+001
 -3.6236814e+001
 -1.6249909e+002
  2.3507143e+002
  3.2735714e+002
  1.4138095e-014
 -0.0000000e+000
 -2.2847290e+002
  0.0000000e+000
  2.4483789e-015
 -2.2883680e+002
  2.4592857e+002
  3.1085714e+002
 -1.0303371e+001
  1.1509685e+002
  2.2374301e+002
 -8.6298275e+000
 -1.5905615e+001
 -1.9216693e+002
  2.4078571e+002
  3.1150000e+002
 -1.6672591e+002
  3.8378766e+001
  5.5986818e+000
  3.5285733e+001
 -3.6236814e+001
 -1.6249909e+002
  2.3621429e+002
  3.3078571e+002
  1.4138095e-014
 -0.0000000e+000
 -2.2847290e+002
  0.0000000e+000
  2.4483789e-015
 -2.2883680e+002
  2.3128571e+002
  3.1235714e+002
 -1.0303371e+001
  1.1509685e+002
  2.2374301e+002
 -8.6298275e+000
 -1.5905615e+001
 -1.9216693e+002
  2.5021429e+002
  3.1150000e+002
 -1.6672591e+002
  3.8378766e+001
  5.5986818e+000
  3.5285733e+001
 -3.6236814e+001
 -1.6249909e+002
  2.3850000e+002
  3.3392857e+002
  1.4138095e-014
 -0.0000000e+000
 -2.2847290e+002
  0.0000000e+000
  2.4483789e-015
 -2.2883680e+002
  2.2878571e+002
  3.1571429e+002
 -1.0303371e+001
  1.1509685e+002
  2.2374301e+002
 -8.6298275e+000
 -1.5905615e+001
 -1.9216693e+002
  2.4842857e+002
  3.1107143e+002
 -1.6672591e+002
  3.8378766e+001
  5.5986818e+000
  3.5285733e+001
 -3.6236814e+001
 -1.6249909e+002
  2.3971429e+002
  3.3692857e+002
  1.4138095e-014
 -0.0000000e+000
 -2.2847290e+002
  0.0000000e+000
  2.4483789e-015
 -2.2883680e+002
  2.3164286e+002
  3.1857143e+002
 -1.0303371e+001
  1.1509685e+002
  2.2374301e+002
 -8.6298275e+000
 -1.5905615e+001
 -1.9216693e+002
  2.4635714e+002
  3.1007143e+002
 -1.6672591e+002
  3.8378766e+001
  5.5986818e+000
  3.5285733e+001
 -3.6236814e+001
 -1.6249909e+002
  2.3814286e+002
  3.4014286e+002
  1.4138095e-014
 -0.0000000e+000
 -2.2847290e+002
  0.0000000e+000
  2.4483789e-015
 -2.2883680e+002
  2.3371429e+002
  3.1700000e+002
 -1.0303371e+001
  1.1509685e+002
  2.2374301e+002
 -8.6298275e+000
 -1.5905615e+001
 -1.9216693e+002
  2.4392857e+002
  3.0907143e+002
 -1.6672591e+002
  3.8378766e+001
  5.5986818e+000
  3.5285733e+001
 -3.6236814e+001
 -1.6249909e+002
  2.3878571e+002
  3.4300000e+002
  1.4138095e-014
 -0.0000000e+000
 -2.2847290e+002
  0.0000000e+000
  2.4483789e-015
 -2.2883680e+002
  2.3442857e+002
  3.1264286e+002
 -1.0303371e+001
  1.1509685e+002
  2.2374301e+002
 -8.6298275e+000
 -1.5905615e+001
 -1.9216693e+002
  2.4250000e+002
  3.0885714e+002
 -1.6672591e+002
  3.8378766e+001
  5.5986818e+000
  3.5285733e+001
 -3.6236814e+001
 -1.6249909e+002
  2.4135714e+002
  3.4564286e+002
  1.4138095e-014
 -0.0000000e+000
 -2.2847290e+002
  0.0000000e+000
  2.4483789e-015
 -2.2883680e+002
  2.3450000e+002
  3.1100000e+002
 -1.0303371e+001
  1.1509685e+002
  2.2374301e+002
 -8.6298275e+000
 -1.5905615e+001
 -1.9216693e+002
  2.4114286e+002
  3.0964286e+002
 -1.6672591e+002
  3.8378766e+001
  5.5986818e+000
  3.5285733e+001
 -3.6236814e+001
 -1.6249909e+002
  2.4442857e+002
  3.4850000e+002
  1.4138095e-014
 -0.0000000e+000
 -2.2847290e+002
  0.0000000e+000
  2.4483789e-015
 -2.2883680e+002
  2.3542857e+002
  3.1078571e+002
 -1.0303371e+001
  1.1509685e+002
  2.2374301e+002
 -8.6298275e+000
 -1.5905615e+001
 -1.9216693e+002
  2.3835714e+002
  3.1221429e+002
 -1.6672591e+002
  3.8378766e+001
  5.5986818e+000
  3.5285733e+001
 -3.6236814e+001
 -1.6249909e+002
  2.4792857e+002
  3.5107143e+002
  1.4138095e-014
 -0.0000000e+000
 -2.2847290e+002
  0.0000000e+000
  2.4483789e-015
 -2.2883680e+002
  2.4014286e+002
  3.1100000e+002
 -1.0303371e+001
  1.1509685e+002
  2.2374301e+002
 -8.6298275e+000
 -1.5905615e+001
 -1.9216693e+002
  2.3764286e+002
  3.1557143e+002
 -1.6672591e+002
  3.8378766e+001
  5.5986818e+000
  3.5285733e+001
 -3.6236814e+001
 -1.6249909e+002
  2.5114286e+002
  3.5357143e+002
  1.4138095e-014
 -0.0000000e+000
 -2.2847290e+002
  0.0000000e+000
  2.4483789e-015
 -2.2883680e+002
  2.4150000e+002
  3.1042857e+002
 -1.0303371e+001
  1.1509685e+002
  2.2374301e+002
 -8.6298275e+000
 -1.5905615e+001
 -1.9216693e+002
  2.3935714e+002
  3.1742857e+002
 -1.6672591e+002
  3.8378766e+001
  5.5986818e+000
  3.5285733e+001
 -3.6236814e+001
 -1.6249909e+002
  2.5128571e+002
  3.5542857e+002
  1.4138095e-014
 -0.0000000e+000
 -2.2847290e+002
  0.0000000e+000
  2.4483789e-015
 -2.2883680e+002
  2.4121429e+002
  3.0821429e+002
 -1.0303371e+001
  1.1509685e+002
  2.2374301e+002
 -8.6298275e+000
 -1.5905615e+001
 -1.9216693e+002
  2.4242857e+002
  3.1707143e+002
 -1.6672591e+002
  3.8378766e+001
  5.5986818e+000
  3.5285733e+001
 -3.6236814e+001
 -1.6249909e+002
  2.4714286e+002
  3.5692857e+002
  1.4138095e-014
 -0.0000000e+000
 -2.2847290e+002
  0.0000000e+000
  2.4483789e-015
 -2.2883680e+002
  2.3921429e+002
  3.0735714e+002
 -1.0303371e+001
  1.1509685e+002
  2.2374301e+002
 -8.6298275e+000
 -1.5905615e+001
 -1.9216693e+002
  2.4428571e+002
  3.1807143e+002
 -1.6672591e+002
  3.8378766e+001
  5.5986818e+000
  3.5285733e+001
 -3.6236814e+001
 -1.6249909e+002
  2.4192857e+002
  3.5857143e+002
  1.4138095e-014
 -0.0000000e+000
 -2.2847290e+002
  0.0000000e+000
  2.4483789e-015
 -2.2883680e+002
  2.3500000e+002
  3.0635714e+002
 -1.0303371e+001
  1.1509685e+002
  2.2374301e+002
 -8.6298275e+000
 -1.5905615e+001
 -1.9216693e+002
  2.4564286e+002
  3.1850000e+002
 -1.6672591e+002
  3.8378766e+001
  5.5986818e+000
  3.5285733e+001
 -3.6236814e+001
 -1.6249909e+002
  2.3635714e+002
  3.6042857e+002
  1.4138095e-014
 -0.0000000e+000
 -2.2847290e+002
  0.0000000e+000
  2.4483789e-015
 -2.2883680e+002
  2.3664286e+002
  3.0542857e+002
 -1.0303371e+001
  1.1509685e+002
  2.2374301e+002
 -8.6298275e+000
 -1.5905615e+001
 -1.9216693e+002
  2.4242857e+002
  3.1564286e+002
 -1.6672591e+002
  3.8378766e+001
  5.5986818e+000
  3.5285733e+001
 -3.6236814e+001
 -1.6249909e+002
  2.3364286e+002
  3.6242857e+002
  1.4138095e-014
 -0.0000000e+000
 -2.2847290e+002
  0.0000000e+000
  2.4483789e-015
 -2.2883680e+002
  2.4028571e+002
  3.0585714e+002
 -1.0303371e+001
  1.1509685e+002
  2.2374301e+002
 -8.6298275e+000
 -1.5905615e+001
 -1.9216693e+002
  2.3828571e+002
  3.1128571e+002
 -1.6672591e+002
  3.8378766e+001
  5.5986818e+000
  3.5285733e+001
 -3.6236814e+001
 -1.6249909e+002
  2.3235714e+002
  3.6507143e+002
  1.4138095e-014
 -0.0000000e+000
 -2.2847290e+002
  0.0000000e+000
  2.4483789e-015
 -2.2883680e+002
  2.3735714e+002
  3.0642857e+002
 -1.0303371e+001
  1.1509685e+002
  2.2374301e+002
 -8.6298275e+000
 -1.5905615e+001
 -1.9216693e+002
  2.3928571e+002
  3.0835714e+002
 -1.6672591e+002
  3.8378766e+001
  5.5986818e+000
  3.5285733e+001
 -3.6236814e+001
 -1.6249909e+002
  2.3192857e+002
  3.6735714e+002
  1.4138095e-014
 -0.0000000e+000
 -2.2847290e+002
  0.0000000e+000
  2.4483789e-015
 -2.2883680e+002
  2.3442857e+002
  3.0842857e+002
 -1.0303371e+001
  1.1509685e+002
  2.2374301e+002
 -8.6298275e+000
 -1.5905615e+001
 -1.9216693e+002
  2.4000000e+002
  3.0935714e+002
 -1.6672591e+002
  3.8378766e+001
  5.5986818e+000
  3.5285733e+001
 -3.6236814e+001
 -1.6249909e+002
  2.3392857e+002
  3.7000000e+002
  1.4138095e-014
 -0.0000000e+000
 -2.2847290e+002
  0.0000000e+000
  2.4483789e-015
 -2.2883680e+002
  2.3307143e+002
  3.1064286e+002
 -1.0303371e+001
  1.1509685e+002
  2.2374301e+002
 -8.6298275e+000
 -1.5905615e+001
 -1.9216693e+002
  2.4000000e+002
  3.1085714e+002
 -1.6672591e+002
  3.8378766e+001
  5.5986818e+000
  3.5285733e+001
 -3.6236814e+001
 -1.6249909e+002
  2.3557143e+002
  3.7235714e+002
  1.4138095e-014
 -0.0000000e+000
 -2.2847290e+002
  0.0000000e+000
  2.4483789e-015
 -2.2883680e+002
  2.2785714e+002
  3.1285714e+002
 -1.0303371e+001
  1.1509685e+002
  2.2374301e+002
 -8.6298275e+000
 -1.5905615e+001
 -1.9216693e+002
  2.3764286e+002
  3.1000000e+002
 -1.6672591e+002
  3.8378766e+001
  5.5986818e+000
  3.5285733e+001
 -3.6236814e+001
 -1.6249909e+002
  2.3721429e+002
  3.7442857e+002
  1.4138095e-014
 -0.0000000e+000
 -2.2847290e+002
  0.0000000e+000
  2.4483789e-015
 -2.2883680e+002
  2.2971429e+002
  3.1100000e+002
 -1.0303371e+001
  1.1509685e+002
  2.2374301e+002
 -8.6298275e+000
 -1.5905615e+001
 -1.9216693e+002
  2.3328571e+002
  3.1235714e+002
 -1.6672591e+002
  3.8378766e+001
  5.5986818e+000
  3.5285733e+001
 -3.6236814e+001
 -1.6249909e+002
  2.3700000e+002
  3.7664286e+002
  1.4138095e-014
 -0.0000000e+000
 -2.2847290e+002
  0.0000000e+000
  2.4483789e-015
 -2.2883680e+002
  2.3478571e+002
  3.1007143e+002
 -1.0303371e+001
  1.1509685e+002
  2.2374301e+002
 -8.6298275e+000
 -1.5905615e+001
 -1.9216693e+002
  2.2542857e+002
  3.1464286e+002
 -1.6672591e+002
  3.8378766e+001
  5.5986818e+000
  3.5285733e+001
 -3.6236814e+001
 -1.6249909e+002
  2.3857143e+002
  3.7835714e+002
  1.4138095e-014
 -0.0000000e+000
 -2.2847290e+002
  0.0000000e+000
  2.4483789e-015
 -2.2883680e+002
  2.4142857e+002
  3.1007143e+002
 -1.0303371e+001
  1.1509685e+002
  2.2374301e+002
 -8.6298275e+000
 -1.5905615e+001
 -1.9216693e+002
  2.1907143e+002
  3.1828571e+002
 -1.6672591e+002
  3.8378766e+001
  5.5986818e+000
  3.5285733e+001
 -3.6236814e+001
 -1.6249909e+002
  2.3935714e+002
  3.7964286e+002
  1.4138095e-014
 -0.0000000e+000
 -2.2847290e+002
  0.0000000e+000
  2.4483789e-015
 -2.2883680e+002
  2.4850000e+002
  3.0857143e+002
 -1.0303371e+001
  1.1509685e+002
  2.2374301e+002
 -8.6298275e+000
 -1.5905615e+001
 -1.9216693e+002
  2.1757143e+002
  3.1685714e+002
 -1.6672591e+002
  3.8378766e+001
  5.5986818e+000
  3.5285733e+001
 -3.6236814e+001
 -1.6249909e+002
  2.4128571e+002
  3.8050000e+002
  1.4138095e-014
 -0.0000000e+000
 -2.2847290e+002
  0.0000000e+000
  2.4483789e-015
 -2.2883680e+002
  2.5164286e+002
  3.0935714e+002
 -1.0303371e+001
  1.1509685e+002
  2.2374301e+002
 -8.6298275e+000
 -1.5905615e+001
 -1.9216693e+002
  2.1792857e+002
  3.1528571e+002
 -1.6672591e+002
  3.8378766e+001
  5.5986818e+000
  3.5285733e+001
 -3.6236814e+001
 -1.6249909e+002
  2.4157143e+002
  3.8121429e+002
  1.4138095e-014
 -0.0000000e+000
 -2.2847290e+002
  0.0000000e+000
  2.4483789e-015
 -2.2883680e+002
  2.5214286e+002
  3.1042857e+002
 -1.0303371e+001
  1.1509685e+002
  2.2374301e+002
 -8.6298275e+000
 -1.5905615e+001
 -1.9216693e+002
  2.2000000e+002
  3.1407143e+002
 -1.6672591e+002
  3.8378766e+001
  5.5986818e+000
  3.5285733e+001
 -3.6236814e+001
 -1.6249909e+002
  2.4228571e+002
  3.8157143e+002
  1.4138095e-014
 -0.0000000e+000
 -2.2847290e+002
  0.0000000e+000
  2.4483789e-015
 -2.2883680e+002
  2.5085714e+002
  3.1021429e+002
 -1.0303371e+001
  1.1509685e+002
  2.2374301e+002
 -8.6298275e+000
 -1.5905615e+001
 -1.9216693e+002
  2.2621429e+002
  3.1342857e+002
 -1.6672591e+002
  3.8378766e+001
  5.5986818e+000
  3.5285733e+001
 -3.6236814e+001
 -1.6249909e+002
  2.4271429e+002
  3.8100000e+002
  1.4138095e-014
 -0.0000000e+000
 -2.2847290e+002
  0.0000000e+000
  2.4483789e-015
 -2.2883680e+002
  2.4835714e+002
  3.1200000e+002
 -1.0303371e+001
  1.1509685e+002
  2.2374301e+002
 -8.6298275e+000
 -1.5905615e+001
 -1.9216693e+002
  2.3400000e+002
  3.1385714e+002
 -1.6672591e+002
  3.8378766e+001
  5.5986818e+000
  3.5285733e+001
 -3.6236814e+001
 -1.6249909e+002
  2.4342857e+002
  3.8057143e+002
  1.4138095e-014
 -0.0000000e+000
 -2.2847290e+002
  0.0000000e+000
  2.4483789e-015
 -2.2883680e+002
  2.4164286e+002
  3.1328571e+002
 -1.0303371e+001
  1.1509685e+002
  2.2374301e+002
 -8.6298275e+000
 -1.5905615e+001
 -1.9216693e+002
  2.4085714e+002
  3.1378571e+002
 -1.6672591e+002
  3.8378766e+001
  5.5986818e+000
  3.5285733e+001
 -3.6236814e+001
 -1.6249909e+002
  2.3757143e+002
  3.8042857e+002
  1.4138095e-014
 -0.0000000e+000
 -2.2847290e+002
  0.0000000e+000
  2.4483789e-015
 -2.2883680e+002
  2.3650000e+002
  3.1550000e+002
 -1.0303371e+001
  1.1509685e+002
  2.2374301e+002
 -8.6298275e+000
 -1.5905615e+001
 -1.9216693e+002
  2.4507143e+002
  3.1314286e+002
 -1.6672591e+002
  3.8378766e+001
  5.5986818e+000
  3.5285733e+001
 -3.6236814e+001
 -1.6249909e+002
  2.3492857e+002
  3.8028571e+002
  1.4138095e-014
 -0.0000000e+000
 -2.2847290e+002
  0.0000000e+000
  2.4483789e-015
 -2.2883680e+002
  2.3257143e+002
  3.1728571e+002
 -1.0303371e+001
  1.1509685e+002
  2.2374301e+002
 -8.6298275e+000
 -1.5905615e+001
 -1.9216693e+002
  2.4742857e+002
  3.1321429e+002
 -1.6672591e+002
  3.8378766e+001
  5.5986818e+000
  3.5285733e+001
 -3.6236814e+001
 -1.6249909e+002
  2.3571429e+002
  3.8071429e+002
  1.4138095e-014
 -0.0000000e+000
 -2.2847290e+002
  0.0000000e+000
  2.4483789e-015
 -2.2883680e+002
  2.2964286e+002
  3.1228571e+002
 -1.0303371e+001
  1.1509685e+002
  2.2374301e+002
 -8.6298275e+000
 -1.5905615e+001
 -1.9216693e+002
  2.4807143e+002
  3.1271429e+002
 -1.6672591e+002
  3.8378766e+001
  5.5986818e+000
  3.5285733e+001
 -3.6236814e+001
 -1.6249909e+002
  2.3650000e+002
  3.8057143e+002
  1.4138095e-014
 -0.0000000e+000
 -2.2847290e+002
  0.0000000e+000
  2.4483789e-015
 -2.2883680e+002
  2.2735714e+002
  3.0750000e+002
 -1.0303371e+001
  1.1509685e+002
  2.2374301e+002
 -8.6298275e+000
 -1.5905615e+001
 -1.9216693e+002
  2.5028571e+002
  3.1228571e+002
 -1.6672591e+002
  3.8378766e+001
  5.5986818e+000
  3.5285733e+001
 -3.6236814e+001
 -1.6249909e+002
  2.3721429e+002
  3.8042857e+002
  1.4138095e-014
 -0.0000000e+000
 -2.2847290e+002
  0.0000000e+000
  2.4483789e-015
 -2.2883680e+002
  2.2607143e+002
  3.0521429e+002
 -1.0303371e+001
  1.1509685e+002
  2.2374301e+002
 -8.6298275e+000
 -1.5905615e+001
 -1.9216693e+002
  2.5128571e+002
  3.1307143e+002
 -1.6672591e+002
  3.8378766e+001
  5.5986818e+000
  3.5285733e+001
 -3.6236814e+001
 -1.6249909e+002
  2.3864286e+002
  3.7978571e+002
  1.4138095e-014
 -0.0000000e+000
 -2.2847290e+002
  0.0000000e+000
  2.4483789e-015
 -2.2883680e+002
  2.2485714e+002
  3.0442857e+002
 -1.0303371e+001
  1.1509685e+002
  2.2374301e+002
 -8.6298275e+000
 -1.5905615e+001
 -1.9216693e+002
  2.5150000e+002
  3.1521429e+002
 -1.6672591e+002
  3.8378766e+001
  5.5986818e+000
  3.5285733e+001
 -3.6236814e+001
 -1.6249909e+002
  2.4307143e+002
  3.7842857e+002
  1.4138095e-014
 -0.0000000e+000
 -2.2847290e+002
  0.0000000e+000
  2.4483789e-015
 -2.2883680e+002
  2.2478571e+002
  3.0450000e+002
 -1.0303371e+001
  1.1509685e+002
  2.2374301e+002
 -8.6298275e+000
 -1.5905615e+001
 -1.9216693e+002
  2.5085714e+002
  3.2085714e+002
 -1.6672591e+002
  3.8378766e+001
  5.5986818e+000
  3.5285733e+001
 -3.6236814e+001
 -1.6249909e+002
  2.4664286e+002
  3.7678571e+002
  1.4138095e-014
 -0.0000000e+000
 -2.2847290e+002
  0.0000000e+000
  2.4483789e-015
 -2.2883680e+002
  2.2400000e+002
  3.0364286e+002
 -1.0303371e+001
  1.1509685e+002
  2.2374301e+002
 -8.6298275e+000
 -1.5905615e+001
 -1.9216693e+002
  2.5121429e+002
  3.2592857e+002
 -1.6672591e+002
  3.8378766e+001
  5.5986818e+000
  3.5285733e+001
 -3.6236814e+001
 -1.6249909e+002
  2.5092857e+002
  3.7421429e+002
  1.4138095e-014
 -0.0000000e+000
 -2.2847290e+002
  0.0000000e+000
  2.4483789e-015
 -2.2883680e+002
  2.2350000e+002
  3.0428571e+002
 -1.0303371e+001
  1.1509685e+002
  2.2374301e+002
 -8.6298275e+000
 -1.5905615e+001
 -1.9216693e+002
  2.5057143e+002
  3.2992857e+002
 -1.6672591e+002
  3.8378766e+001
  5.5986818e+000
  3.5285733e+001
 -3.6236814e+001
 -1.6249909e+002
  2.5300000e+002
  3.7107143e+002
  1.4138095e-014
 -0.0000000e+000
 -2.2847290e+002
  0.0000000e+000
  2.4483789e-015
 -2.2883680e+002
  2.2392857e+002
  3.0371429e+002
 -1.0303371e+001
  1.1509685e+002
  2.2374301e+002
 -8.6298275e+000
 -1.5905615e+001
 -1.9216693e+002
  2.5028571e+002
  3.2578571e+002
 -1.6672591e+002
  3.8378766e+001
  5.5986818e+000
  3.5285733e+001
 -3.6236814e+001
 -1.6249909e+002
  2.4807143e+002
  3.6750000e+002
  1.4138095e-014
 -0.0000000e+000
 -2.2847290e+002
  0.0000000e+000
  2.4483789e-015
 -2.2883680e+002
  2.2835714e+002
  3.0357143e+002
 -1.0303371e+001
  1.1509685e+002
  2.2374301e+002
 -8.6298275e+000
 -1.5905615e+001
 -1.9216693e+002
  2.4814286e+002
  3.2228571e+002
 -1.6672591e+002
  3.8378766e+001
  5.5986818e+000
  3.5285733e+001
 -3.6236814e+001
 -1.6249909e+002
  2.3907143e+002
  3.6407143e+002
  1.4138095e-014
 -0.0000000e+000
 -2.2847290e+002
  0.0000000e+000
  2.4483789e-015
 -2.2883680e+002
  2.3271429e+002
  3.0378571e+002
 -1.0303371e+001
  1.1509685e+002
  2.2374301e+002
 -8.6298275e+000
 -1.5905615e+001
 -1.9216693e+002
  2.4471429e+002
  3.2114286e+002
 -1.6672591e+002
  3.8378766e+001
  5.5986818e+000
  3.5285733e+001
 -3.6236814e+001
 -1.6249909e+002
  2.3821429e+002
  3.6107143e+002
  1.4138095e-014
 -0.0000000e+000
 -2.2847290e+002
  0.0000000e+000
  2.4483789e-015
 -2.2883680e+002
  2.3407143e+002
  3.0464286e+002
 -1.0303371e+001
  1.1509685e+002
  2.2374301e+002
 -8.6298275e+000
 -1.5905615e+001
 -1.9216693e+002
  2.3607143e+002
  3.1985714e+002
 -1.6672591e+002
  3.8378766e+001
  5.5986818e+000
  3.5285733e+001
 -3.6236814e+001
 -1.6249909e+002
  2.3571429e+002
  3.5828571e+002
  1.4138095e-014
 -0.0000000e+000
 -2.2847290e+002
  0.0000000e+000
  2.4483789e-015
 -2.2883680e+002
  2.2971429e+002
  3.0492857e+002
 -1.0303371e+001
  1.1509685e+002
  2.2374301e+002
 -8.6298275e+000
 -1.5905615e+001
 -1.9216693e+002
  2.2992857e+002
  3.1900000e+002
 -1.6672591e+002
  3.8378766e+001
  5.5986818e+000
  3.5285733e+001
 -3.6236814e+001
 -1.6249909e+002
  2.3828571e+002
  3.5585714e+002
  1.4138095e-014
 -0.0000000e+000
 -2.2847290e+002
  0.0000000e+000
  2.4483789e-015
 -2.2883680e+002
  2.3292857e+002
  3.0507143e+002
 -1.0303371e+001
  1.1509685e+002
  2.2374301e+002
 -8.6298275e+000
 -1.5905615e+001
 -1.9216693e+002
  2.2657143e+002
  3.1935714e+002
 -1.6672591e+002
  3.8378766e+001
  5.5986818e+000
  3.5285733e+001
 -3.6236814e+001
 -1.6249909e+002
  2.3950000e+002
  3.5371429e+002
  1.4138095e-014
 -0.0000000e+000
 -2.2847290e+002
  0.0000000e+000
  2.4483789e-015
 -2.2883680e+002
  2.3792857e+002
  3.0728571e+002
 -1.0303371e+001
  1.1509685e+002
  2.2374301e+002
 -8.6298275e+000
 -1.5905615e+001
 -1.9216693e+002
  2.2264286e+002
  3.1778571e+002
 -1.6672591e+002
  3.8378766e+001
  5.5986818e+000
  3.5285733e+001
 -3.6236814e+001
 -1.6249909e+002
  2.4007143e+002
  3.5171429e+002
  1.4138095e-014
 -0.0000000e+000
 -2.2847290e+002
  0.0000000e+000
  2.4483789e-015
 -2.2883680e+002
  2.3457143e+002
  3.0935714e+002
 -1.0303371e+001
  1.1509685e+002
  2.2374301e+002
 -8.6298275e+000
 -1.5905615e+001
 -1.9216693e+002
  2.2200000e+002
  3.1621429e+002
 -1.6672591e+002
  3.8378766e+001
  5.5986818e+000
  3.5285733e+001
 -3.6236814e+001
 -1.6249909e+002
  2.3985714e+002
  3.4964286e+002
  1.4138095e-014
 -0.0000000e+000
 -2.2847290e+002
  0.0000000e+000
  2.4483789e-015
 -2.2883680e+002
  2.3642857e+002
  3.0978571e+002
 -1.0303371e+001
  1.1509685e+002
  2.2374301e+002
 -8.6298275e+000
 -1.5905615e+001
 -1.9216693e+002
  2.1807143e+002
  3.1621429e+002
 -1.6672591e+002
  3.8378766e+001
  5.5986818e+000
  3.5285733e+001
 -3.6236814e+001
 -1.6249909e+002
  2.3950000e+002
  3.4792857e+002
  1.4138095e-014
 -0.0000000e+000
 -2.2847290e+002
  0.0000000e+000
  2.4483789e-015
 -2.2883680e+002
  2.4178571e+002
  3.0821429e+002
 -1.0303371e+001
  1.1509685e+002
  2.2374301e+002
 -8.6298275e+000
 -1.5905615e+001
 -1.9216693e+002
  2.1464286e+002
  3.1992857e+002
 -1.6672591e+002
  3.8378766e+001
  5.5986818e+000
  3.5285733e+001
 -3.6236814e+001
 -1.6249909e+002
  2.3935714e+002
  3.4635714e+002
  1.4138095e-014
 -0.0000000e+000
 -2.2847290e+002
  0.0000000e+000
  2.4483789e-015
 -2.2883680e+002
  2.4928571e+002
  3.0742857e+002
 -1.0303371e+001
  1.1509685e+002
  2.2374301e+002
 -8.6298275e+000
 -1.5905615e+001
 -1.9216693e+002
  2.1307143e+002
  3.2214286e+002
 -1.6672591e+002
  3.8378766e+001
  5.5986818e+000
  3.5285733e+001
 -3.6236814e+001
 -1.6249909e+002
  2.3942857e+002
  3.4435714e+002
  1.4138095e-014
 -0.0000000e+000
 -2.2847290e+002
  0.0000000e+000
  2.4483789e-015
 -2.2883680e+002
  2.5785714e+002
  3.0778571e+002
 -1.0303371e+001
  1.1509685e+002
  2.2374301e+002
 -8.6298275e+000
 -1.5905615e+001
 -1.9216693e+002
  2.1435714e+002
  3.2000000e+002
 -1.6672591e+002
  3.8378766e+001
  5.5986818e+000
  3.5285733e+001
 -3.6236814e+001
 -1.6249909e+002
  2.3985714e+002
  3.4257143e+002
  1.4138095e-014
 -0.0000000e+000
 -2.2847290e+002
  0.0000000e+000
  2.4483789e-015
 -2.2883680e+002
  2.5857143e+002
  3.0800000e+002
 -1.0303371e+001
  1.1509685e+002
  2.2374301e+002
 -8.6298275e+000
 -1.5905615e+001
 -1.9216693e+002
  2.1714286e+002
  3.1850000e+002
 -1.6672591e+002
  3.8378766e+001
  5.5986818e+000
  3.5285733e+001
 -3.6236814e+001
 -1.6249909e+002
  2.4014286e+002
  3.4007143e+002
  1.4138095e-014
 -0.0000000e+000
 -2.2847290e+002
  0.0000000e+000
  2.4483789e-015
 -2.2883680e+002
  2.5850000e+002
  3.0871429e+002
 -1.0303371e+001
  1.1509685e+002
  2.2374301e+002
 -8.6298275e+000
 -1.5905615e+001
 -1.9216693e+002
  2.2471429e+002
  3.1671429e+002
 -1.6672591e+002
  3.8378766e+001
  5.5986818e+000
  3.5285733e+001
 -3.6236814e+001
 -1.6249909e+002
  2.4007143e+002
  3.3807143e+002
  1.4138095e-014
 -0.0000000e+000
 -2.2847290e+002
  0.0000000e+000
  2.4483789e-015
 -2.2883680e+002
  2.5485714e+002
  3.0957143e+002
 -1.0303371e+001
  1.1509685e+002
  2.2374301e+002
 -8.6298275e+000
 -1.5905615e+001
 -1.9216693e+002
  2.3300000e+002
  3.1514286e+002
 -1.6672591e+002
  3.8378766e+001
  5.5986818e+000
  3.5285733e+001
 -3.6236814e+001
 -1.6249909e+002
  2.3985714e+002
  3.3600000e+002
  1.4138095e-014
 -0.0000000e+000
 -2.2847290e+002
  0.0000000e+000
  2.4483789e-015
 -2.2883680e+002
  2.4135714e+002
  3.1014286e+002
 -1.0303371e+001
  1.1509685e+002
  2.2374301e+002
 -8.6298275e+000
 -1.5905615e+001
 -1.9216693e+002
  2.4292857e+002
  3.1328571e+002
 -1.6672591e+002
  3.8378766e+001
  5.5986818e+000
  3.5285733e+001
 -3.6236814e+001
 -1.6249909e+002
  2.3950000e+002
  3.3435714e+002
  1.4138095e-014
 -0.0000000e+000
 -2.2847290e+002
  0.0000000e+000
  2.4483789e-015
 -2.2883680e+002
  2.3135714e+002
  3.1092857e+002
 -1.0303371e+001
  1.1509685e+002
  2.2374301e+002
 -8.6298275e+000
 -1.5905615e+001
 -1.9216693e+002
  2.4885714e+002
  3.1142857e+002
 -1.6672591e+002
  3.8378766e+001
  5.5986818e+000
  3.5285733e+001
 -3.6236814e+001
 -1.6249909e+002
  2.4242857e+002
  3.3292857e+002
  1.4138095e-014
 -0.0000000e+000
 -2.2847290e+002
  0.0000000e+000
  2.4483789e-015
 -2.2883680e+002
  2.2985714e+002
  3.1257143e+002
 -1.0303371e+001
  1.1509685e+002
  2.2374301e+002
 -8.6298275e+000
 -1.5905615e+001
 -1.9216693e+002
  2.4900000e+002
  3.1000000e+002
 -1.6672591e+002
  3.8378766e+001
  5.5986818e+000
  3.5285733e+001
 -3.6236814e+001
 -1.6249909e+002
  2.4178571e+002
  3.3192857e+002
  1.4138095e-014
 -0.0000000e+000
 -2.2847290e+002
  0.0000000e+000
  2.4483789e-015
 -2.2883680e+002
  2.2928571e+002
  3.1464286e+002
 -1.0303371e+001
  1.1509685e+002
  2.2374301e+002
 -8.6298275e+000
 -1.5905615e+001
 -1.9216693e+002
  2.4864286e+002
  3.0885714e+002
 -1.6672591e+002
  3.8378766e+001
  5.5986818e+000
  3.5285733e+001
 -3.6236814e+001
 -1.6249909e+002
  2.4042857e+002
  3.3064286e+002
  1.4138095e-014
 -0.0000000e+000
 -2.2847290e+002
  0.0000000e+000
  2.4483789e-015
 -2.2883680e+002
  2.2935714e+002
  3.1000000e+002
 -1.0303371e+001
  1.1509685e+002
  2.2374301e+002
 -8.6298275e+000
 -1.5905615e+001
 -1.9216693e+002
  2.5014286e+002
  3.0992857e+002
 -1.6672591e+002
  3.8378766e+001
  5.5986818e+000
  3.5285733e+001
 -3.6236814e+001
 -1.6249909e+002
  2.3600000e+002
  3.2914286e+002
  1.4138095e-014
 -0.0000000e+000
 -2.2847290e+002
  0.0000000e+000
  2.4483789e-015
 -2.2883680e+002
  2.2864286e+002
  3.0507143e+002
 -1.0303371e+001
  1.1509685e+002
  2.2374301e+002
 -8.6298275e+000
 -1.5905615e+001
 -1.9216693e+002
  2.4950000e+002
  3.1192857e+002
 -1.6672591e+002
  3.8378766e+001
  5.5986818e+000
  3.5285733e+001
 -3.6236814e+001
 -1.6249909e+002
  2.3364286e+002
  3.2785714e+002
  1.4138095e-014
 -0.0000000e+000
 -2.2847290e+002
  0.0000000e+000
  2.4483789e-015
 -2.2883680e+002
  2.2785714e+002
  3.0192857e+002
 -1.0303371e+001
  1.1509685e+002
  2.2374301e+002
 -8.6298275e+000
 -1.5905615e+001
 -1.9216693e+002
  2.5028571e+002
  3.1471429e+002
 -1.6672591e+002
  3.8378766e+001
  5.5986818e+000
  3.5285733e+001
 -3.6236814e+001
 -1.6249909e+002
  2.3342857e+002
  3.2692857e+002
  1.4138095e-014
 -0.0000000e+000
 -2.2847290e+002
  0.0000000e+000
  2.4483789e-015
 -2.2883680e+002
  2.2800000e+002
  3.0164286e+002
 -1.0303371e+001
  1.1509685e+002
  2.2374301e+002
 -8.6298275e+000
 -1.5905615e+001
 -1.9216693e+002
  2.5071429e+002
  3.1692857e+002
 -1.6672591e+002
  3.8378766e+001
  5.5986818e+000
  3.5285733e+001
 -3.6236814e+001
 -1.6249909e+002
  2.3707143e+002
  3.2592857e+002
  1.4138095e-014
 -0.0000000e+000
 -2.2847290e+002
  0.0000000e+000
  2.4483789e-015
 -2.2883680e+002
  2.2814286e+002
  3.0207143e+002
 -1.0303371e+001
  1.1509685e+002
  2.2374301e+002
 -8.6298275e+000
 -1.5905615e+001
 -1.9216693e+002
  2.4921429e+002
  3.1978571e+002
 -1.6672591e+002
  3.8378766e+001
  5.5986818e+000
  3.5285733e+001
 -3.6236814e+001
 -1.6249909e+002
  2.3992857e+002
  3.2514286e+002
  1.4138095e-014
 -0.0000000e+000
 -2.2847290e+002
  0.0000000e+000
  2.4483789e-015
 -2.2883680e+002
  2.2942857e+002
  3.0335714e+002
 -1.0303371e+001
  1.1509685e+002
  2.2374301e+002
 -8.6298275e+000
 -1.5905615e+001
 -1.9216693e+002
  2.4792857e+002
  3.2335714e+002
 -1.6672591e+002
  3.8378766e+001
  5.5986818e+000
  3.5285733e+001
 -3.6236814e+001
 -1.6249909e+002
  2.4300000e+002
  3.2392857e+002
  1.4138095e-014
 -0.0000000e+000
 -2.2847290e+002
  0.0000000e+000
  2.4483789e-015
 -2.2883680e+002
  2.3078571e+002
  3.0514286e+002
 -1.0303371e+001
  1.1509685e+002
  2.2374301e+002
 -8.6298275e+000
 -1.5905615e+001
 -1.9216693e+002
  2.4571429e+002
  3.2628571e+002
 -1.6672591e+002
  3.8378766e+001
  5.5986818e+000
  3.5285733e+001
 -3.6236814e+001
 -1.6249909e+002
  2.4428571e+002
  3.2264286e+002
  1.4138095e-014
 -0.0000000e+000
 -2.2847290e+002
  0.0000000e+000
  2.4483789e-015
 -2.2883680e+002
  2.3335714e+002
  3.0735714e+002
 -1.0303371e+001
  1.1509685e+002
  2.2374301e+002
 -8.6298275e+000
 -1.5905615e+001
 -1.9216693e+002
  2.4278571e+002
  3.2721429e+002
 -1.6672591e+002
  3.8378766e+001
  5.5986818e+000
  3.5285733e+001
 -3.6236814e+001
 -1.6249909e+002
  2.4400000e+002
  3.2114286e+002
  1.4138095e-014
 -0.0000000e+000
 -2.2847290e+002
  0.0000000e+000
  2.4483789e-015
 -2.2883680e+002
  2.3642857e+002
  3.1028571e+002
 -1.0303371e+001
  1.1509685e+002
  2.2374301e+002
 -8.6298275e+000
 -1.5905615e+001
 -1.9216693e+002
  2.3842857e+002
  3.2564286e+002
 -1.6672591e+002
  3.8378766e+001
  5.5986818e+000
  3.5285733e+001
 -3.6236814e+001
 -1.6249909e+002
  2.3914286e+002
  3.1928571e+002
  1.4138095e-014
 -0.0000000e+000
 -2.2847290e+002
  0.0000000e+000
  2.4483789e-015
 -2.2883680e+002
  2.4228571e+002
  3.1150000e+002
 -1.0303371e+001
  1.1509685e+002
  2.2374301e+002
 -8.6298275e+000
 -1.5905615e+001
 -1.9216693e+002
  2.3485714e+002
  3.2314286e+002
 -1.6672591e+002
  3.8378766e+001
  5.5986818e+000
  3.5285733e+001
 -3.6236814e+001
 -1.6249909e+002
  2.3757143e+002
  3.1728571e+002
  1.4138095e-014
 -0.0000000e+000
 -2.2847290e+002
  0.0000000e+000
  2.4483789e-015
 -2.2883680e+002
  2.3950000e+002
  3.1335714e+002
 -1.0303371e+001
  1.1509685e+002
  2.2374301e+002
 -8.6298275e+000
 -1.5905615e+001
 -1.9216693e+002
  2.3378571e+002
  3.1842857e+002
 -1.6672591e+002
  3.8378766e+001
  5.5986818e+000
  3.5285733e+001
 -3.6236814e+001
 -1.6249909e+002
  2.3785714e+002
  3.1550000e+002
  1.4138095e-014
 -0.0000000e+000
 -2.2847290e+002
  0.0000000e+000
  2.4483789e-015
 -2.2883680e+002
  2.3950000e+002
  3.1435714e+002
 -1.0303371e+001
  1.1509685e+002
  2.2374301e+002
 -8.6298275e+000
 -1.5905615e+001
 -1.9216693e+002
  2.3350000e+002
  3.1642857e+002
 -1.6672591e+002
  3.8378766e+001
  5.5986818e+000
  3.5285733e+001
 -3.6236814e+001
 -1.6249909e+002
  2.3807143e+002
  3.1371429e+002
  1.4138095e-014
 -0.0000000e+000
 -2.2847290e+002
  0.0000000e+000
  2.4483789e-015
 -2.2883680e+002
  2.4064286e+002
  3.1428571e+002
 -1.0303371e+001
  1.1509685e+002
  2.2374301e+002
 -8.6298275e+000
 -1.5905615e+001
 -1.9216693e+002
  2.3407143e+002
  3.1585714e+002
 -1.6672591e+002
  3.8378766e+001
  5.5986818e+000
  3.5285733e+001
 -3.6236814e+001
 -1.6249909e+002
  2.3814286e+002
  3.1328571e+002
  1.4138095e-014
 -0.0000000e+000
 -2.2847290e+002
  0.0000000e+000
  2.4483789e-015
 -2.2883680e+002
  2.3664286e+002
  3.1414286e+002
 -1.0303371e+001
  1.1509685e+002
  2.2374301e+002
 -8.6298275e+000
 -1.5905615e+001
 -1.9216693e+002
  2.3307143e+002
  3.1650000e+002
 -1.6672591e+002
  3.8378766e+001
  5.5986818e+000
  3.5285733e+001
 -3.6236814e+001
 -1.6249909e+002
  2.3814286e+002
  3.1250000e+002
  1.4138095e-014
 -0.0000000e+000
 -2.2847290e+002
  0.0000000e+000
  2.4483789e-015
 -2.2883680e+002
  2.3364286e+002
  3.1335714e+002
 -1.0303371e+001
  1.1509685e+002
  2.2374301e+002
 -8.6298275e+000
 -1.5905615e+001
 -1.9216693e+002
  2.3592857e+002
  3.1664286e+002
 -1.6672591e+002
  3.8378766e+001
  5.5986818e+000
  3.5285733e+001
 -3.6236814e+001
 -1.6249909e+002
  2.3792857e+002
  3.1300000e+002
  1.4138095e-014
 -0.0000000e+000
 -2.2847290e+002
  0.0000000e+000
  2.4483789e-015
 -2.2883680e+002
  2.3407143e+002
  3.1250000e+002
 -1.0303371e+001
  1.1509685e+002
  2.2374301e+002
 -8.6298275e+000
 -1.5905615e+001
 -1.9216693e+002
  2.3585714e+002
  3.1792857e+002
 -1.6672591e+002
  3.8378766e+001
  5.5986818e+000
  3.5285733e+001
 -3.6236814e+001
 -1.6249909e+002
  2.3778571e+002
  3.1278571e+002
  1.4138095e-014
 -0.0000000e+000
 -2.2847290e+002
  0.0000000e+000
  2.4483789e-015
 -2.2883680e+002
  2.3578571e+002
  3.1142857e+002
 -1.0303371e+001
  1.1509685e+002
  2.2374301e+002
 -8.6298275e+000
 -1.5905615e+001
 -1.9216693e+002
  2.3600000e+002
  3.1800000e+002
 -1.6672591e+002
  3.8378766e+001
  5.5986818e+000
  3.5285733e+001
 -3.6236814e+001
 -1.6249909e+002
  2.3728571e+002
  3.1271429e+002
  1.4138095e-014
 -0.0000000e+000
 -2.2847290e+002
  0.0000000e+000
  2.4483789e-015
 -2.2883680e+002
  2.3850000e+002
  3.1071429e+002
 -1.0303371e+001
  1.1509685e+002
  2.2374301e+002
 -8.6298275e+000
 -1.5905615e+001
 -1.9216693e+002
  2.3950000e+002
  3.1807143e+002
 -1.6672591e+002
  3.8378766e+001
  5.5986818e+000
  3.5285733e+001
 -3.6236814e+001
 -1.6249909e+002
  2.3700000e+002
  3.1271429e+002
  1.4138095e-014
 -0.0000000e+000
 -2.2847290e+002
  0.0000000e+000
  2.4483789e-015
 -2.2883680e+002
  2.4185714e+002
  3.1064286e+002
 -1.0303371e+001
  1.1509685e+002
  2.2374301e+002
 -8.6298275e+000
 -1.5905615e+001
 -1.9216693e+002
  2.4264286e+002
  3.1807143e+002
 -1.6672591e+002
  3.8378766e+001
  5.5986818e+000
  3.5285733e+001
 -3.6236814e+001
 -1.6249909e+002
  2.3628571e+002
  3.1171429e+002
  1.4138095e-014
 -0.0000000e+000
 -2.2847290e+002
  0.0000000e+000
  2.4483789e-015
 -2.2883680e+002
  2.3885714e+002
  3.1028571e+002
 -1.0303371e+001
  1.1509685e+002
  2.2374301e+002
 -8.6298275e+000
 -1.5905615e+001
 -1.9216693e+002
  2.4457143e+002
  3.1750000e+002
 -1.6672591e+002
  3.8378766e+001
  5.5986818e+000
  3.5285733e+001
 -3.6236814e+001
 -1.6249909e+002
  2.3614286e+002
  3.1314286e+002
  1.4138095e-014
 -0.0000000e+000
 -2.2847290e+002
  0.0000000e+000
  2.4483789e-015
 -2.2883680e+002
  2.3471429e+002
  3.1000000e+002
 -1.0303371e+001
  1.1509685e+002
  2.2374301e+002
 -8.6298275e+000
 -1.5905615e+001
 -1.9216693e+002
  2.4592857e+002
  3.1621429e+002
 -1.6672591e+002
  3.8378766e+001
  5.5986818e+000
  3.5285733e+001
 -3.6236814e+001
 -1.6249909e+002
  2.3628571e+002
  3.1250000e+002
  1.4138095e-014
 -0.0000000e+000
 -2.2847290e+002
  0.0000000e+000
  2.4483789e-015
 -2.2883680e+002
  2.3114286e+002
  3.1128571e+002
 -1.0303371e+001
  1.1509685e+002
  2.2374301e+002
 -8.6298275e+000
 -1.5905615e+001
 -1.9216693e+002
  2.4757143e+002
  3.1514286e+002
 -1.6672591e+002
  3.8378766e+001
  5.5986818e+000
  3.5285733e+001
 -3.6236814e+001
 -1.6249909e+002
  2.3821429e+002
  3.1271429e+002
  1.4138095e-014
 -0.0000000e+000
 -2.2847290e+002
  0.0000000e+000
  2.4483789e-015
 -2.2883680e+002
  2.2935714e+002
  3.1085714e+002
 -1.0303371e+001
  1.1509685e+002
  2.2374301e+002
 -8.6298275e+000
 -1.5905615e+001
 -1.9216693e+002
  2.4857143e+002
  3.1500000e+002
 -1.6672591e+002
  3.8378766e+001
  5.5986818e+000
  3.5285733e+001
 -3.6236814e+001
 -1.6249909e+002
  2.3950000e+002
  3.1207143e+002
  1.4138095e-014
 -0.0000000e+000
 -2.2847290e+002
  0.0000000e+000
  2.4483789e-015
 -2.2883680e+002
  2.2835714e+002
  3.1135714e+002
 -1.0303371e+001
  1.1509685e+002
  2.2374301e+002
 -8.6298275e+000
 -1.5905615e+001
 -1.9216693e+002
  2.4928571e+002
  3.1478571e+002
 -1.6672591e+002
  3.8378766e+001
  5.5986818e+000
  3.5285733e+001
 -3.6236814e+001
 -1.6249909e+002
  2.4064286e+002
  3.1235714e+002
  1.4138095e-014
 -0.0000000e+000
 -2.2847290e+002
  0.0000000e+000
  2.4483789e-015
 -2.2883680e+002
  2.2742857e+002
  3.1214286e+002
 -1.0303371e+001
  1.1509685e+002
  2.2374301e+002
 -8.6298275e+000
 -1.5905615e+001
 -1.9216693e+002
  2.4892857e+002
  3.1442857e+002
 -1.6672591e+002
  3.8378766e+001
  5.5986818e+000
  3.5285733e+001
 -3.6236814e+001
 -1.6249909e+002
  2.4271429e+002
  3.1278571e+002
  1.4138095e-014
 -0.0000000e+000
 -2.2847290e+002
  0.0000000e+000
  2.4483789e-015
 -2.2883680e+002
  2.2771429e+002
  3.1221429e+002
 -1.0303371e+001
  1.1509685e+002
  2.2374301e+002
 -8.6298275e+000
 -1.5905615e+001
 -1.9216693e+002
  2.4692857e+002
  3.1485714e+002
 -1.6672591e+002
  3.8378766e+001
  5.5986818e+000
  3.5285733e+001
 -3.6236814e+001
 -1.6249909e+002
  2.4314286e+002
  3.1235714e+002
  1.4138095e-014
 -0.0000000e+000
 -2.2847290e+002
  0.0000000e+000
  2.4483789e-015
 -2.2883680e+002
  2.2757143e+002
  3.1292857e+002
 -1.0303371e+001
  1.1509685e+002
  2.2374301e+002
 -8.6298275e+000
 -1.5905615e+001
 -1.9216693e+002
  2.4557143e+002
  3.1400000e+002
 -1.6672591e+002
  3.8378766e+001
  5.5986818e+000
  3.5285733e+001
 -3.6236814e+001
 -1.6249909e+002
  2.4457143e+002
  3.1278571e+002
  1.4138095e-014
 -0.0000000e+000
 -2.2847290e+002
  0.0000000e+000
  2.4483789e-015
 -2.2883680e+002
  2.2885714e+002
  3.1442857e+002
 -1.0303371e+001
  1.1509685e+002
  2.2374301e+002
 -8.6298275e+000
 -1.5905615e+001
 -1.9216693e+002
  2.4350000e+002
  3.1328571e+002
 -1.6672591e+002
  3.8378766e+001
  5.5986818e+000
  3.5285733e+001
 -3.6236814e+001
 -1.6249909e+002
  2.4407143e+002
  3.1271429e+002
  1.4138095e-014
 -0.0000000e+000
 -2.2847290e+002
  0.0000000e+000
  2.4483789e-015
 -2.2883680e+002
  2.3028571e+002
  3.1500000e+002
 -1.0303371e+001
  1.1509685e+002
  2.2374301e+002
 -8.6298275e+000
 -1.5905615e+001
 -1.9216693e+002
  2.4164286e+002
  3.1300000e+002
 -1.6672591e+002
  3.8378766e+001
  5.5986818e+000
  3.5285733e+001
 -3.6236814e+001
 -1.6249909e+002
  2.4485714e+002
  3.1250000e+002
  1.4138095e-014
 -0.0000000e+000
 -2.2847290e+002
  0.0000000e+000
  2.4483789e-015
 -2.2883680e+002
  2.3192857e+002
  3.1585714e+002
 -1.0303371e+001
  1.1509685e+002
  2.2374301e+002
 -8.6298275e+000
 -1.5905615e+001
 -1.9216693e+002
  2.4085714e+002
  3.1350000e+002
 -1.6672591e+002
  3.8378766e+001
  5.5986818e+000
  3.5285733e+001
 -3.6236814e+001
 -1.6249909e+002
  2.4464286e+002
  3.1335714e+002
  1.4138095e-014
 -0.0000000e+000
 -2.2847290e+002
  0.0000000e+000
  2.4483789e-015
 -2.2883680e+002
  2.3364286e+002
  3.1642857e+002
 -1.0303371e+001
  1.1509685e+002
  2.2374301e+002
 -8.6298275e+000
 -1.5905615e+001
 -1.9216693e+002
  2.3942857e+002
  3.1321429e+002
 -1.6672591e+002
  3.8378766e+001
  5.5986818e+000
  3.5285733e+001
 -3.6236814e+001
 -1.6249909e+002
  2.4471429e+002
  3.1350000e+002
  1.4138095e-014
 -0.0000000e+000
 -2.2847290e+002
  0.0000000e+000
  2.4483789e-015
 -2.2883680e+002
  2.3500000e+002
  3.1628571e+002
 -1.0303371e+001
  1.1509685e+002
  2.2374301e+002
 -8.6298275e+000
 -1.5905615e+001
 -1.9216693e+002
  2.3750000e+002
  3.1321429e+002
 -1.6672591e+002
  3.8378766e+001
  5.5986818e+000
  3.5285733e+001
 -3.6236814e+001
 -1.6249909e+002
  2.4421429e+002
  3.1371429e+002
  1.4138095e-014
 -0.0000000e+000
 -2.2847290e+002
  0.0000000e+000
  2.4483789e-015
 -2.2883680e+002
  2.3714286e+002
  3.1685714e+002
 -1.0303371e+001
  1.1509685e+002
  2.2374301e+002
 -8.6298275e+000
 -1.5905615e+001
 -1.9216693e+002
  2.3678571e+002
  3.1400000e+002
 -1.6672591e+002
  3.8378766e+001
  5.5986818e+000
  3.5285733e+001
 -3.6236814e+001
 -1.6249909e+002
  2.4457143e+002
  3.1378571e+002
  1.4138095e-014
 -0.0000000e+000
 -2.2847290e+002
  0.0000000e+000
  2.4483789e-015
 -2.2883680e+002
  2.3778571e+002
  3.1664286e+002
 -1.0303371e+001
  1.1509685e+002
  2.2374301e+002
 -8.6298275e+000
 -1.5905615e+001
 -1.9216693e+002
  2.3550000e+002
  3.1378571e+002
 -1.6672591e+002
  3.8378766e+001
  5.5986818e+000
  3.5285733e+001
 -3.6236814e+001
 -1.6249909e+002
  2.4414286e+002
  3.1492857e+002
  1.4138095e-014
 -0.0000000e+000
 -2.2847290e+002
  0.0000000e+000
  2.4483789e-015
 -2.2883680e+002
  2.3928571e+002
  3.1607143e+002
 -1.0303371e+001
  1.1509685e+002
  2.2374301e+002
 -8.6298275e+000
 -1.5905615e+001
 -1.9216693e+002
  2.3442857e+002
  3.1371429e+002
 -1.6672591e+002
  3.8378766e+001
  5.5986818e+000
  3.5285733e+001
 -3.6236814e+001
 -1.6249909e+002
  2.4385714e+002
  3.1500000e+002
  1.4138095e-014
 -0.0000000e+000
 -2.2847290e+002
  0.0000000e+000
  2.4483789e-015
 -2.2883680e+002
  2.3921429e+002
  3.1542857e+002
 -1.0303371e+001
  1.1509685e+002
  2.2374301e+002
 -8.6298275e+000
 -1.5905615e+001
 -1.9216693e+002
  2.3350000e+002
  3.1435714e+002
 -1.6672591e+002
  3.8378766e+001
  5.5986818e+000
  3.5285733e+001
 -3.6236814e+001
 -1.6249909e+002
  2.4285714e+002
  3.1514286e+002
  1.4138095e-014
 -0.0000000e+000
 -2.2847290e+002
  0.0000000e+000
  2.4483789e-015
 -2.2883680e+002
  2.3964286e+002
  3.1578571e+002
 -1.0303371e+001
  1.1509685e+002
  2.2374301e+002
 -8.6298275e+000
 -1.5905615e+001
 -1.9216693e+002
  2.3357143e+002
  3.1407143e+002
 -1.6672591e+002
  3.8378766e+001
  5.5986818e+000
  3.5285733e+001
 -3.6236814e+001
 -1.6249909e+002
  2.4292857e+002
  3.1521429e+002
  1.4138095e-014
 -0.0000000e+000
 -2.2847290e+002
  0.0000000e+000
  2.4483789e-015
 -2.2883680e+002
  2.3950000e+002
  3.1521429e+002
 -1.0303371e+001
  1.1509685e+002
  2.2374301e+002
 -8.6298275e+000
 -1.5905615e+001
 -1.9216693e+002
  2.3485714e+002
  3.1400000e+002
 -1.6672591e+002
  3.8378766e+001
  5.5986818e+000
  3.5285733e+001
 -3.6236814e+001
 -1.6249909e+002
  2.4328571e+002
  3.1528571e+002
  1.4138095e-014
 -0.0000000e+000
 -2.2847290e+002
  0.0000000e+000
  2.4483789e-015
 -2.2883680e+002
  2.3971429e+002
  3.1428571e+002
 -1.0303371e+001
  1.1509685e+002
  2.2374301e+002
 -8.6298275e+000
 -1.5905615e+001
 -1.9216693e+002
  2.3500000e+002
  3.1478571e+002
 -1.6672591e+002
  3.8378766e+001
  5.5986818e+000
  3.5285733e+001
 -3.6236814e+001
 -1.6249909e+002
  2.4264286e+002
  3.1528571e+002
  1.4138095e-014
 -0.0000000e+000
 -2.2847290e+002
  0.0000000e+000
  2.4483789e-015
 -2.2883680e+002
  2.3828571e+002
  3.1342857e+002
 -1.0303371e+001
  1.1509685e+002
  2.2374301e+002
 -8.6298275e+000
 -1.5905615e+001
 -1.9216693e+002
  2.3542857e+002
  3.1464286e+002
 -1.6672591e+002
  3.8378766e+001
  5.5986818e+000
  3.5285733e+001
 -3.6236814e+001
 -1.6249909e+002
  2.4214286e+002
  3.1621429e+002
  1.4138095e-014
 -0.0000000e+000
 -2.2847290e+002
  0.0000000e+000
  2.4483789e-015
 -2.2883680e+002
  2.3785714e+002
  3.1364286e+002
 -1.0303371e+001
  1.1509685e+002
  2.2374301e+002
 -8.6298275e+000
 -1.5905615e+001
 -1.9216693e+002
  2.3635714e+002
  3.1471429e+002
 -1.6672591e+002
  3.8378766e+001
  5.5986818e+000
  3.5285733e+001
 -3.6236814e+001
 -1.6249909e+002
  2.4200000e+002
  3.1578571e+002
  1.4138095e-014
 -0.0000000e+000
 -2.2847290e+002
  0.0000000e+000
  2.4483789e-015
 -2.2883680e+002
  2.3700000e+002
  3.1235714e+002
