 320
 532
 267
 432
 242
 333
 209
 330
 166
 422
 170
 533
 278
 285
 296
 256
 255
 189
 177
 202
 164
 289
 158
 358
 216
 170
 214
 104
 177
 481
 228
 402
 223
 322
 217
 322
 237
 393
 248
 464
 300
 321
 259
 291
 247
 230
 222
 217
 190
 265
 178
 308
 248
 211
 255
 156
 166
 481
 210
 413
 231
 316
 268
 316
 300
 402
 305
 515
 183
 314
 176
 273
 210
 204
 283
 191
 303
 254
 311
 308
 247
 186
 240
 122
 322
 516
 266
 424
 242
 335
 206
 335
 167
 417
 183
 536
 281
 289
 291
 258
 254
 197
 179
 205
 163
 287
 155
 355
 217
 168
 217
 102
 185
 479
 237
 404
 223
 324
 216
 324
 235
 393
 242
 470
 292
 327
 257
 294
 245
 233
 221
 221
 194
 266
 188
 307
 246
 214
 253
 159
 165
 479
 215
 414
 230
 315
 262
 315
 290
 405
 288
 515
 176
 318
 172
 273
 205
 203
 280
 192
 301
 254
 312
 311
 242
 185
 236
 122
 323
 502
 267
 415
 246
 335
 208
 338
 183
 418
 199
 539
 297
 295
 301
 261
 263
 192
 182
 205
 165
 282
 155
 349
 223
 165
 223
  99
 194
 477
 248
 405
 224
 325
 216
 325
 234
 393
 237
 474
 284
 331
 255
 296
 244
 235
 221
 224
 200
 267
 199
 305
 246
 215
 252
 161
 164
 477
 220
 414
 228
 315
 255
 313
 279
 408
 271
 515
 168
 321
 168
 272
 198
 202
 276
 192
 298
 253
 313
 314
 237
 184
 231
 122
 320
 492
 267
 408
 254
 332
 216
 335
 208
 422
 218
 541
 319
 304
 317
 262
 276
 184
 185
 201
 168
 273
 157
 341
 232
 163
 233
  96
 203
 472
 256
 403
 224
 324
 215
 324
 231
 392
 231
 477
 274
 334
 252
 296
 242
 235
 220
 225
 203
 265
 209
 301
 244
 214
 251
 161
 167
 477
 224
 415
 226
 315
 249
 313
 268
 411
 255
 515
 162
 324
 165
 272
 193
 202
 273
 193
 297
 253
 315
 316
 233
 184
 228
 123
 312
 489
 257
 403
 261
 330
 223
 333
 219
 423
 236
 544
 326
 311
 315
 255
 277
 183
 186
 197
 170
 264
 151
 330
 235
 162
 235
  94
 218
 467
 267
 398
 230
 322
 220
 322
 230
 391
 229
 478
 267
 335
 253
 295
 246
 234
 226
 224
 211
 262
 224
 296
 249
 213
 255
 160
 176
 479
 231
 415
 227
 316
 247
 315
 260
 412
 245
 514
 158
 326
 164
 272
 191
 202
 272
 193
 298
 254
 320
 315
 231
 184
 227
 123
 303
 490
 250
 400
 267
 328
 231
 330
 229
 422
 254
 545
 331
 316
 312
 248
 279
 184
 193
 195
 173
 258
 147
 321
 242
 163
 239
  93
 225
 463
 268
 392
 226
 320
 215
 320
 219
 391
 217
 479
 249
 336
 243
 294
 240
 233
 221
 224
 210
 260
 229
 292
 244
 211
 250
 159
 188
 486
 236
 417
 224
 318
 242
 318
 250
 415
 234
 513
 153
 327
 161
 272
 188
 203
 271
 195
 297
 255
 324
 314
 229
 186
 225
 124
 284
 495
 246
 396
 262
 325
 228
 328
 237
 420
 266
 545
 335
 318
 313
 247
 282
 181
 197
 194
 169
 254
 142
 313
 246
 163
 238
  93
 235
 461
 270
 387
 226
 319
 214
 318
 212
 393
 207
 480
 234
 337
 237
 293
 238
 232
 220
 223
 211
 258
 236
 288
 242
 209
 248
 158
 206
 496
 240
 419
 223
 322
 240
 323
 240
 417
 223
 513
 150
 327
 160
 273
 186
 205
 270
 197
 298
 257
 328
 313
 227
 189
 225
 125
 260
 502
 242
 395
 254
 324
 222
 328
 245
 421
 278
 543
 338
 322
 317
 252
 287
 179
 199
 197
 166
 254
 139
 303
 248
 165
 237
  94
 250
 459
 276
 383
 230
 317
 217
 317
 209
 394
 202
 480
 226
 338
 234
 293
 241
 231
 224
 222
 215
 257
 247
 285
 245
 208
 251
 157
 225
 508
 243
 421
 219
 324
 237
 328
 229
 417
 209
 512
 146
 326
 157
 272
 183
 206
 268
 199
 297
 258
 331
 312
 225
 192
 223
 126
 242
 508
 232
 393
 256
 323
 225
 330
 251
 424
 292
 542
 340
 325
 320
 256
 290
 180
 199
 199
 171
 251
 137
 296
 248
 166
 238
  96
 264
 459
 280
 381
 234
 316
 219
 316
 209
 396
 197
 482
 218
 339
 232
 293
 243
 231
 227
 222
 219
 256
 257
 284
 247
 207
 254
 156
 246
 514
 247
 417
 218
 322
 236
 326
 222
 412
 197
 506
 144
 317
 158
 267
 182
 203
 268
 195
 299
 254
 333
 305
 225
 189
 224
 123
 230
 509
 232
 393
 266
 322
 238
 331
 262
 429
 309
 542
 345
 327
 326
 259
 296
 183
 203
 199
 182
 242
 133
 292
 242
 165
 239
  96
 279
 460
 284
 380
 239
 315
 224
 316
 211
 398
 193
 482
 215
 341
 231
 294
 247
 231
 232
 221
 224
 255
 267
 284
 252
 207
 258
 156
 262
 518
 249
 412
 215
 318
 235
 323
 216
 406
 186
 498
 143
 309
 158
 261
 182
 199
 268
 191
 300
 249
 334
 299
 225
 187
 223
 119
 212
 507
 233
 393
 268
 319
 242
 330
 262
 430
 314
 541
 342
 326
 321
 258
 291
 186
 196
 198
 182
 232
 135
 284
 237
 163
 238
  96
 289
 462
 286
 382
 243
 315
 227
 316
 213
 400
 189
 482
 213
 343
 230
 294
 250
 230
 236
 220
 228
 255
 273
 284
 254
 206
 261
 156
 272
 520
 251
 410
 214
 316
 235
 319
 213
 403
 177
 492
 143
 304
 159
 257
 183
 197
 270
 189
 303
 246
 334
 297
 226
 186
 223
 118
 197
 504
 233
 400
 266
 320
 242
 331
 259
 430
 314
 539
 340
 327
 313
 257
 283
 189
 186
 197
 176
 227
 137
 279
 237
 162
 239
  98
 294
 465
 286
 386
 244
 315
 227
 317
 214
 401
 183
 481
 212
 345
 228
 295
 251
 231
 237
 220
 228
 256
 276
 287
 255
 207
 262
 156
 276
 520
 253
 408
 214
 314
 236
 316
 214
 401
 172
 485
 144
 303
 162
 255
 186
 196
 272
 188
 305
 244
 334
 295
 228
 185
 224
 118
 198
 505
 229
 410
 265
 325
 244
 334
 260
 433
 317
 538
 345
 330
 313
 258
 283
 193
 184
 199
 171
 233
 132
 280
 242
 165
 243
  99
 295
 468
 286
 390
 247
 316
 230
 319
 219
 403
 182
 480
 215
 347
 231
 297
 255
 233
 241
 221
 231
 258
 279
 291
 258
 208
 266
 158
 274
 519
 251
 407
 213
 313
 236
 311
 218
 400
 169
 477
 145
 303
 163
 254
 187
 195
 272
 187
 306
 243
 332
 295
 229
 185
 223
 118
 214
 508
 235
 401
 269
 332
 249
 339
 264
 436
 325
 537
 346
 334
 321
 260
 291
 197
 191
 203
 172
 246
 132
 289
 244
 167
 250
 100
 294
 473
 287
 396
 251
 319
 233
 322
 226
 405
 184
 477
 223
 350
 236
 299
 259
 235
 245
 221
 233
 260
 280
 296
 262
 211
 270
 161
 269
 518
 250
 408
 212
 311
 236
 308
 227
 403
 172
 468
 147
 307
 165
 255
 188
 195
 273
 188
 306
 243
 330
 297
 229
 184
 224
 119
 220
 516
 233
 402
 259
 342
 238
 346
 249
 441
 313
 534
 344
 343
 313
 267
 284
 204
 186
 210
 164
 261
 134
 305
 240
 175
 242
 104
 289
 476
 286
 399
 256
 321
 237
 325
 235
 405
 188
 470
 233
 350
 243
 301
 264
 237
 250
 221
 236
 262
 278
 299
 266
 213
 275
 162
 262
 518
 247
 409
 212
 310
 238
 306
 240
 407
 179
 458
 150
 313
 168
 258
 191
 197
 274
 190
 307
 244
 327
 300
 231
 185
 225
 119
 217
 525
 225
 414
 241
 347
 216
 350
 219
 442
 288
 529
 334
 349
 294
 272
 267
 208
 174
 214
 155
 268
 143
 322
 240
 182
 225
 108
 282
 477
 284
 399
 258
 320
 240
 325
 243
 400
 194
 461
 244
 348
 253
 300
 268
 236
 253
 219
 238
 262
 272
 301
 269
 212
 279
 161
 253
 517
 243
 410
 213
 309
 240
 305
 256
 412
 191
 450
 153
 319
 169
 261
 194
 200
 276
 192
 306
 246
 325
 304
 232
 185
 226
 120
 234
 529
 241
 422
 250
 344
 220
 347
 211
 437
 282
 518
 332
 340
 299
 272
 274
 205
 186
 213
 171
 268
 145
 328
 233
 174
 232
 108
 268
 478
 276
 398
 256
 319
 237
 325
 247
 394
 200
 453
 252
 344
 259
 297
 267
 235
 250
 215
 233
 261
 259
 301
 267
 211
 277
 160
 245
 518
 238
 412
 214
 309
 241
 304
 271
 415
 205
 449
 156
 325
 171
 265
 197
 203
 276
 193
 306
 249
 321
 307
 233
 185
 227
 120
 246
 531
 254
 424
 259
 340
 223
 342
 204
 428
 273
 509
 325
 329
 304
 270
 279
 200
 193
 210
 179
 268
 152
 334
 231
 167
 236
 106
 252
 479
 264
 396
 249
 318
 231
 324
 248
 388
 206
 448
 258
 339
 261
 294
 262
 233
 244
 212
 225
 259
 242
 301
 261
 209
 271
 158
 237
 518
 232
 413
 215
 308
 243
 303
 281
 414
 219
 455
 160
 330
 171
 267
 199
 206
 277
 194
 305
 251
 318
 309
 233
 183
 229
 120
 256
 534
 265
 425
 263
 336
 223
 338
 198
 420
 259
 504
 320
 323
 306
 267
 279
 195
 195
 208
 181
 272
 158
 339
 239
 167
 239
 104
 234
 480
 251
 395
 241
 318
 223
 324
 247
 382
 213
 447
 262
 334
 260
 294
 255
 233
 236
 210
 215
 259
 223
 301
 254
 209
 264
 157
 228
 517
 225
 414
 215
 306
 244
 302
 287
 409
 233
 467
 164
 332
 170
 268
 201
 207
 276
 193
 303
 252
 314
 309
 234
 182
 231
 121
 263
 536
 271
 423
 264
 333
 221
 333
 193
 412
 242
 502
 316
 317
 307
 263
 276
 191
 195
 205
 179
 274
 162
 341
 242
 165
 239
 102
 221
 482
 240
 394
 235
 318
 219
 325
 249
 377
 225
 449
 270
 328
 255
 293
 252
 232
 230
 209
 208
 258
 207
 302
 250
 208
 260
 156
 220
 516
 218
 413
 215
 305
 244
 301
 291
 406
 249
 482
 167
 331
 168
 269
 202
 208
 276
 193
 300
 253
 310
 309
 234
 181
 231
 122
 274
 538
 278
 423
 267
 331
 222
 331
 191
 406
 226
 504
 311
 307
 311
 261
 278
 191
 195
 203
 181
 278
 167
 343
 245
 166
 240
 100
 212
 483
 233
 393
 232
 317
 218
 325
 253
 372
 241
 451
 281
 323
 253
 294
 252
 231
 227
 209
 204
 258
 196
 303
 249
 208
 259
 155
 214
 514
 213
 413
 218
 304
 247
 300
 295
 404
 270
 495
 172
 326
 169
 269
 205
 208
 277
 193
 300
 253
 308
 308
 238
 183
 235
 123
 281
 539
 280
 422
 264
 330
 220
 330
 186
 402
 206
 509
 302
 294
 310
 257
 278
 192
 192
 202
 181
 278
 168
 343
 241
 167
 236
  99
 204
 484
 227
 392
 229
 317
 218
 324
 258
 370
 255
 454
 291
 318
 252
 293
 252
 230
 223
 209
 200
 257
 187
 303
 249
 207
 259
 154
 207
 511
 209
 414
 220
 303
 249
 301
 298
 404
 292
 503
 177
 321
 170
 270
 207
 208
 279
 194
 299
 252
 307
 308
 241
 185
 238
 126
 289
 539
 281
 420
 261
 328
 219
 329
 183
 399
 187
 513
 292
 280
 309
 253
 274
 192
 188
 200
 182
 276
 168
 342
 236
 166
 232
  98
 196
 484
 222
 392
 227
 317
 217
 324
 260
 368
 266
 457
 299
 315
 253
 291
 252
 229
 220
 209
 195
 256
 179
 303
 249
 206
 258
 153
 197
 506
 203
 414
 222
 305
 250
 303
 300
 405
 308
 510
 179
 315
 169
 270
 207
 208
 279
 195
 296
 252
 304
 307
 243
 188
 239
 127
 299
 539
 282
 419
 258
 328
 218
 330
 180
 397
 176
 513
 284
 271
 308
 251
 262
 190
 183
 199
 180
 272
 169
 342
 229
 166
 226
  98
 189
 484
 218
 393
 226
 318
 218
 324
 261
 370
 272
 458
 304
 313
 255
 290
 252
 229
 217
 211
 192
 256
 174
 305
 249
 207
 257
 153
 186
 497
 198
 411
 221
 303
 249
 301
 299
 402
 310
 512
 181
 308
 168
 267
 205
 204
 277
 193
 293
 247
 300
 303
 243
 187
 239
 125
 308
 537
 282
 419
 253
 328
 216
 330
 176
 395
 174
 511
 278
 267
 305
 250
 253
 188
 178
 199
 177
 270
 169
 343
 222
 166
 220
 100
 180
 483
 215
 396
 226
 320
 218
 325
 261
 373
 274
 460
 307
 313
 258
 290
 253
 230
 215
 213
 190
 259
 171
 309
 250
 208
 256
 154
 178
 487
 197
 408
 224
 303
 251
 302
 300
 400
 307
 515
 183
 304
 170
 264
 205
 200
 278
 191
 293
 243
 300
 300
 246
 185
 242
 122
 314
 535
 279
 420
 245
 329
 211
 331
 170
 396
 174
 508
 271
 269
 299
 250
 246
 187
 170
 200
 170
 269
 164
 343
 210
 165
 212
 103
 174
 482
 216
 401
 227
 324
 219
 327
 261
 378
 274
 463
 309
 316
 262
 292
 253
 232
 214
 216
 188
 263
 169
 315
 250
 210
 255
 156
 174
 480
 201
 409
 229
 304
 256
 303
 303
 401
 304
 518
 189
 306
 176
 265
 209
 200
 283
 192
 296
 241
 304
 300
 252
 186
 247
 120
 318
 532
 275
 424
 239
 333
 207
 334
 165
 401
 179
 511
 269
 278
 292
 256
 242
 190
 166
 205
 167
 275
 160
 348
 201
 168
 205
 106
 171
 480
 221
 406
 231
 328
 220
 328
 259
 383
 272
 466
 308
 319
 264
 293
 253
 234
 213
 217
 188
 267
 169
 319
 251
 212
 253
 157
 170
 475
 206
 410
 231
 306
 259
 305
 304
 403
 298
 519
 193
 311
 180
 265
 210
 200
 286
 193
 299
 240
 307
 300
 255
 185
 251
 118
 320
 526
 273
 431
 236
 338
 206
 338
 166
 410
 187
 519
 271
 289
 287
 264
 243
 196
 166
 211
 168
 286
 157
 354
 198
 174
 202
 112
 173
 477
 229
 410
 235
 332
 221
 330
 257
 388
 268
 469
 306
 324
 265
 295
 254
 236
 214
 220
 189
 272
 172
 324
 252
 214
 252
 160
 167
 471
 213
 414
 233
 309
 262
 309
 302
 407
 291
 521
 195
 318
 184
 268
 211
 202
 289
 195
 302
 242
 310
 303
 257
 185
 254
 117
 320
 515
 271
 432
 237
 340
 208
 338
 175
 418
 199
 526
 278
 297
 287
 266
 247
 197
 171
 213
 172
 294
 158
 356
 203
 178
 201
 112
 178
 473
 238
 415
 238
 337
 221
 332
 251
 392
 262
 475
 299
 329
 264
 299
 253
 240
 214
 224
 189
 277
 178
 327
 251
 218
 249
 163
 165
 468
 220
 415
 233
 311
 263
 311
 297
 411
 280
 521
 194
 322
 185
 268
 211
 203
 289
 196
 303
 242
 312
 305
 256
 184
 255
 116
 317
 500
 266
 426
 242
 337
 212
 336
 190
 422
 213
 529
 285
 301
 292
 258
 253
 193
 177
 209
 175
 294
 161
 351
 214
 177
 203
 108
 188
 466
 246
 411
 238
 336
 219
 329
 244
 393
 254
 477
 291
 330
 261
 299
 251
 239
 213
 224
 189
 275
 186
 322
 249
 216
 245
 161
 165
 468
 228
 417
 231
 313
 261
 314
 289
 415
 268
 521
 191
 327
 184
 269
 208
 204
 289
 196
 302
 244
 313
 308
 254
 183
 254
 116
 313
 491
 258
 418
 248
 334
 217
 335
 209
 426
 229
 533
 292
 304
 298
 251
 261
 189
 185
 207
 173
 287
 164
 346
 219
 172
 207
 104
 205
 459
 257
 404
 241
 333
 220
 325
 240
 392
 248
 478
 285
 331
 261
 298
 253
 237
 215
 223
 193
 272
 199
 316
 250
 214
 244
 159
 166
 473
 232
 420
 223
 315
 255
 318
 273
 418
 250
 521
 183
 330
 178
 269
 201
 206
 283
 194
 297
 246
 311
 311
 247
 184
 248
 117
 310
 488
 251
 407
 261
 331
 229
 336
 228
 428
 252
 536
 300
 308
 306
 250
 270
 186
 197
 205
 177
 279
 168
 341
 224
 168
 219
 102
 224
 458
 269
 397
 244
 330
 222
 322
 237
 391
 243
 481
 279
 332
 262
 298
 256
 236
 220
 224
 199
 269
 211
 310
 253
 212
 246
 157
 172
 482
 234
 421
 214
 316
 245
 320
 254
 420
 231
 520
 172
 332
 170
 268
 192
 207
 275
 191
 289
 246
 307
 311
 239
 184
 239
 117
 307
 491
 251
 398
 274
 327
 243
 333
 241
 426
 275
 537
 308
 312
 311
 256
 270
 190
 207
 204
 186
 276
 167
 335
 234
 169
 232
 101
 239
 459
 276
 390
 243
 326
 221
 319
 230
 391
 234
 482
 270
 333
 259
 298
 256
 234
 221
 223
 201
 265
 218
 305
 252
 210
 244
 155
 190
 496
 240
 422
 212
 316
 242
 323
 242
 421
 218
 519
 167
 333
 168
 268
 190
 208
 275
 192
 289
 247
 311
 311
 237
 185
 237
 119
 287
 496
 245
 392
 272
 322
 246
 329
 243
 423
 285
 536
 316
 316
 317
 261
 277
 192
 202
 203
 187
 279
 160
 327
 236
 170
 232
 102
 250
 464
 278
 385
 238
 323
 217
 317
 218
 391
 220
 485
 258
 334
 252
 298
 253
 233
 218
 224
 200
 262
 220
 301
 248
 208
 238
 153
 213
 511
 246
 422
 209
 315
 238
 325
 230
 421
 206
 517
 163
 332
 166
 266
 188
 208
 273
 194
 288
 247
 315
 311
 236
 186
 235
 120
 256
 497
 237
 389
 263
 318
 241
 325
 243
 420
 288
 534
 320
 319
 317
 261
 283
 190
 190
 202
 182
 277
 157
 316
 232
 171
 224
 103
 263
 467
 278
 381
 235
 319
 213
 316
 208
 391
 207
 486
 247
 335
 246
 297
 250
 231
 215
 224
 200
 259
 221
 298
 244
 206
 234
 151
 236
 520
 250
 417
 208
 310
 236
 322
 220
 415
 194
 510
 159
 327
 165
 262
 188
 205
 272
 194
 287
 242
 319
 305
 235
 183
 234
 117
 237
 495
 241
 389
 269
 319
 250
 325
 258
 420
 303
 532
 324
 318
 314
 257
 283
 187
 192
 201
 185
 264
 153
 308
 238
 172
 229
 105
 279
 466
 281
 381
 237
 319
 214
 317
 203
 393
 197
 487
 242
 336
 244
 298
 251
 230
 216
 224
 203
 258
 224
 296
 245
 206
 234
 150
 256
 524
 252
 412
 208
 305
 233
 318
 211
 408
 182
 502
 155
 321
 163
 257
 187
 201
 271
 193
 285
 236
 322
 299
 235
 180
 232
 113
 219
 484
 246
 389
 278
 321
 260
 327
 276
 420
 322
 531
 329
 317
 314
 252
 282
 186
 200
 200
 187
 256
 148
 303
 237
 167
 235
 107
 291
 465
 280
 383
 238
 320
 213
 320
 197
 395
 186
 488
 237
 339
 241
 299
 250
 231
 216
 225
 203
 259
 223
 295
 244
 206
 233
 150
 270
 524
 254
 411
 209
 305
 232
 319
 206
 406
 170
 497
 152
 320
 162
 259
 188
 203
 269
 194
 285
 236
 325
 299
 236
 181
 232
 114
 205
 478
 240
 389
 278
 325
 260
 330
 282
 421
 333
 530
 333
 317
 317
 248
 281
 187
 200
 200
 183
 259
 145
 300
 229
 165
 231
 107
 299
 464
 281
 386
 242
 322
 215
 324
 196
 397
 179
 488
 236
 341
 240
 300
 252
 231
 217
 226
 205
 261
 224
 296
 245
 207
 234
 150
 277
 522
 256
 410
 211
 306
 231
 319
 206
 404
 162
 492
 150
 320
 162
 261
 190
 205
 268
 192
 284
 236
 328
 298
 236
 180
 233
 115
 203
 486
 227
 390
 269
 329
 249
 334
 274
 424
 335
 530
 330
 320
 312
 250
 271
 190
 193
 202
 175
 271
 142
 302
 223
 169
 219
 108
 301
 466
 284
 390
 250
 326
 222
 329
 202
 400
 177
 486
 242
 344
 246
 302
 258
 232
 222
 226
 210
 264
 227
 298
 251
 210
 241
 152
 275
 521
 255
 409
 213
 308
 232
 319
 211
 403
 158
 485
 150
 322
 163
 263
 192
 207
 267
 190
 284
 237
 328
 298
 238
 180
 235
 116
 212
 499
 217
 391
 261
 332
 238
 336
 262
 429
 334
 528
 328
 324
 305
 255
 263
 193
 188
 205
 168
 278
 143
 307
 225
 176
 212
 109
 298
 471
 287
 393
 258
 329
 229
 333
 212
 402
 180
 483
 252
 347
 254
 304
 266
 235
 229
 228
 217
 268
 232
 301
 259
 213
 251
 155
 270
 522
 254
 409
 216
 310
 234
 320
 220
 402
 158
 474
 151
 324
 165
 266
 195
 208
 266
 187
 284
 238
 326
 298
 239
 180
 237
 116
 221
 509
 219
 398
 260
 336
 233
 338
 247
 436
 327
 522
 331
 331
 305
 266
 263
 200
 189
 210
 171
 286
 146
 318
 230
 183
 215
 115
 293
 478
 289
 397
 263
 333
 236
 337
 224
 406
 184
 477
 263
 352
 262
 307
 272
 238
 234
 229
 220
 272
 234
 306
 266
 217
 260
 160
 263
 522
 251
 409
 220
 313
 238
 322
 234
 404
 165
 463
 155
 329
 168
 268
 198
 207
 267
 185
 285
 241
 322
 298
 242
 181
 242
 116
 226
 516
 224
 407
 259
 339
 228
 340
 229
 440
 311
 513
 327
 335
 300
 274
 265
 207
 190
 215
 174
 291
 150
 332
 224
 181
 219
 121
 285
 478
 288
 395
 266
 330
 241
 333
 235
 402
 190
 465
 273
 349
 270
 304
 277
 236
 236
 224
 221
 270
 233
 306
 270
 215
 269
 160
 256
 524
 248
 411
 222
 315
 243
 326
 251
 406
 176
 456
 161
 335
 172
 271
 201
 207
 269
 185
 286
 245
 317
 301
 246
 183
 246
 114
 234
 519
 233
 412
 258
 338
 225
 337
 214
 434
 295
 504
 319
 334
 295
 277
 268
 207
 191
 215
 179
 293
 158
 339
 220
 176
 222
 118
 274
 478
 281
 392
 263
 326
 240
 329
 242
 398
 197
 454
 281
 345
 273
 300
 277
 234
 234
 218
 217
 267
 227
 305
 270
 212
 273
 159
 247
 525
 243
 413
 223
 317
 247
 330
 267
 410
 190
 457
 167
 341
 175
 274
 203
 207
 270
 186
 286
 249
 310
 304
 248
 185
 249
 113
 245
 526
 243
 419
 257
 338
 222
 337
 203
 429
 279
 503
 308
 335
 288
 280
 270
 207
 191
 218
 182
 297
 169
 346
 218
 176
 218
 112
 254
 479
 264
 392
 249
 325
 229
 326
 237
 394
 198
 448
 279
 341
 266
 298
 266
 233
 221
 215
 202
 266
 210
 306
 258
 209
 265
 159
 237
 526
 236
 414
 223
 318
 251
 333
 281
 411
 206
 465
 174
 345
 179
 276
 205
 206
 271
 186
 284
 250
 303
 306
 249
 184
 252
 111
 258
 529
 253
 417
 255
 334
 222
 332
 196
 420
 264
 502
 296
 329
 281
 276
 271
 202
 192
 215
 187
 296
 181
 346
 218
 173
 215
 108
 240
 479
 252
 391
 242
 323
 225
 322
 238
 390
 209
 445
 284
 336
 266
 294
 262
 232
 215
 212
 194
 265
 198
 307
 253
 206
 262
 159
 225
 526
 228
 415
 222
 317
 254
 335
 290
 411
 224
 480
 183
 349
 182
 278
 206
 206
 273
 188
 281
 251
 296
 308
 250
 184
 253
 111
 273
 529
 263
 412
 253
 327
 224
 325
 192
 411
 250
 502
 285
 317
 277
 270
 271
 196
 195
 209
 193
 293
 195
 344
 217
 168
 218
 108
 229
 479
 242
 390
 236
 321
 222
 318
 241
 386
 224
 445
 291
 330
 268
 291
 258
 230
 210
 210
 188
 263
 187
 307
 249
 203
 260
 159
 209
 526
 218
 416
 218
 316
 254
 336
 294
 410
 242
 497
 190
 349
 184
 280
 203
 206
 271
 189
 275
 251
 286
 310
 248
 183
 250
 112
 288
 530
 273
 410
 255
 323
 229
 322
 189
 404
 233
 504
 275
 305
 276
 264
 267
 193
 198
 206
 199
 290
 206
 343
 220
 170
 223
 107
 221
 479
 236
 392
 233
 321
 221
 315
 244
 382
 241
 447
 299
 325
 271
 289
 257
 230
 208
 211
 185
 263
 178
 310
 248
 200
 258
 159
 192
 523
 206
 414
 212
 314
 252
 335
 293
 410
 262
 510
 196
 347
 184
 281
 199
 205
 269
 191
 268
 249
 274
 308
 245
 182
 245
 114
 298
 530
 277
 410
 258
 322
 233
 320
 179
 396
 205
 505
 262
 293
 274
 259
 261
 191
 197
 203
 200
 286
 207
 344
 222
 174
 219
 107
 213
 479
 230
 393
 230
 321
 221
 313
 247
 379
 256
 450
 306
 319
 274
 286
 256
 231
 206
 212
 183
 264
 171
 312
 246
 199
 256
 159
 183
 520
 202
 414
 215
 312
 256
 333
 295
 412
 290
 518
 210
 344
 192
 283
 204
 207
 273
 193
 269
 247
 271
 307
 249
 182
 249
 118
 305
 529
 276
 412
 265
 323
 235
 319
 172
 392
 173
 502
 248
 283
 273
 255
 258
 192
 193
 200
 197
 279
 202
 346
 212
 174
 206
 108
 207
 479
 227
 394
 230
 321
 222
 311
 251
 376
 269
 453
 313
 314
 278
 284
 257
 230
 206
 215
 183
 264
 165
 313
 246
 198
 255
 159
 170
 513
 196
 412
 215
 310
 256
 327
 293
 413
 308
 520
 219
 337
 195
 282
 204
 206
 272
 194
 266
 243
 264
 303
 250
 182
 249
 117
 317
 529
 276
 415
 269
 325
 231
 319
 172
 399
 161
 500
 230
 276
 270
 251
 258
 193
 187
 201
 191
 276
 201
 348
 205
 174
 206
 109
 200
 478
 226
 396
 230
 323
 224
 311
 253
 375
 275
 455
 316
 309
 281
 284
 258
 231
 206
 217
 184
 266
 162
 316
 246
 198
 253
 159
 162
 505
 195
 412
 219
 310
 259
 322
 294
 412
 316
 520
 230
 331
 201
 281
 209
 207
 272
 195
 268
 240
 262
 300
 253
 183
 253
 117
 321
 528
 274
 414
 255
 325
 213
 319
 171
 412
 157
 499
 202
 273
 255
 250
 247
 193
 175
 208
 183
 279
 196
 350
 204
 175
 202
 110
 194
 478
 225
 398
 229
 325
 224
 312
 254
 375
 276
 459
 317
 306
 280
 284
 257
 233
 205
 221
 184
 268
 161
 320
 244
 201
 250
 160
 159
 497
 199
 414
 227
 312
 264
 318
 299
 411
 319
 521
 242
 326
 210
 281
 217
 208
 276
 198
 273
 238
 265
 299
 260
 184
 261
 117
 321
 524
 269
 416
 235
 324
 196
 320
 157
 412
 160
 503
 181
 275
 243
 254
 232
 195
 170
 220
 183
 291
 191
 353
 197
 180
 192
 114
 191
 477
 228
 401
 230
 327
 225
 314
 254
 378
 274
 463
 316
 307
 279
 285
 258
 235
 206
 225
 186
 272
 162
 324
 243
 204
 247
 161
 159
 490
 207
 418
 237
 315
 270
 316
 304
 411
 318
 521
 253
 324
 217
 280
 225
 210
 279
 199
 279
 239
 272
 302
 267
 186
 269
 117
 322
 516
 258
 421
 223
 323
 195
 323
 155
 410
 172
 511
 183
 283
 245
 264
 225
 200
 166
 223
 177
 298
 183
 363
 195
 187
 180
 121
 192
 475
 232
 404
 230
 331
 224
 318
 251
 381
 269
 470
 312
 310
 276
 288
 257
 237
 205
 228
 187
 276
 166
 330
 242
 209
 243
 162
 161
 481
 219
 423
 245
 316
 275
 314
 308
 412
 316
 522
 260
 323
 222
 279
 232
 211
 284
 200
 286
 242
 280
 306
 272
 186
 274
 115
 316
 501
 245
 418
 219
 321
 198
 322
 161
 410
 180
 516
 189
 288
 247
 266
 226
 204
 166
 222
 176
 299
 178
 367
 194
 186
 178
 121
 197
 467
 237
 403
 230
 331
 223
 320
 246
 384
 261
 475
 307
 313
 271
 290
 256
 237
 203
 228
 187
 278
 170
 332
 240
 211
 238
 162
 167
 474
 235
 428
 253
 317
 280
 313
 310
 412
 311
 523
 265
 324
 227
 278
 237
 209
 289
 201
 292
 245
 292
 311
 277
 185
 279
 114
 307
 487
 235
 415
 223
 322
 201
 322
 174
 416
 189
 518
 197
 294
 249
 264
 227
 203
 170
 222
 179
 299
 176
 368
 195
 183
 185
 119
 207
 459
 245
 400
 231
 329
 221
 320
 241
 385
 253
 479
 300
 316
 267
 289
 255
 235
 203
 227
 187
 278
 177
 333
 238
 209
 233
 158
 173
 473
 249
 430
 256
 318
 279
 313
 305
 415
 300
 525
 260
 326
 225
 279
 235
 207
 289
 201
 294
 249
 299
 317
 277
 184
 277
 112
 302
 480
 229
 413
 231
 327
 207
 326
 192
 422
 206
 521
 214
 301
 257
 261
 233
 200
 175
 221
 179
 296
 177
 364
 203
 180
 195
 117
 217
 453
 251
 395
 231
 325
 217
 319
 233
 386
 243
 483
 292
 319
 261
 289
 253
 234
 201
 225
 187
 277
 185
 331
 234
 207
 228
 155
 176
 477
 257
 432
 251
 319
 272
 315
 290
 417
 280
 526
 245
 330
 216
 280
 228
 207
 283
 201
 290
 254
 301
 323
 270
 183
 268
 111
 302
 479
 232
 412
 240
 332
 214
 331
 213
 424
 233
 523
 240
 308
 275
 261
 246
 196
 187
 219
 184
 291
 176
 354
 218
 178
 210
 115
 231
 452
 262
 391
 235
 318
 217
 318
 229
 387
 237
 485
 287
 323
 259
 287
 255
 232
 203
 222
 190
 273
 197
 326
 235
 204
 228
 152
 179
 487
 256
 432
 240
 320
 259
 318
 267
 420
 254
 528
 223
 335
 200
 281
 214
 208
 272
 201
 281
 258
 298
 327
 257
 183
 254
 110
 298
 483
 240
 406
 253
 335
 226
 335
 230
 417
 265
 525
 270
 314
 295
 261
 264
 193
 203
 217
 195
 285
 180
 343
 233
 176
 227
 113
 247
 455
 272
 387
 242
 314
 219
 318
 227
 388
 233
 486
 283
 326
 260
 286
 258
 230
 207
 221
 195
 270
 213
 321
 239
 202
 231
 151
 186
 499
 251
 432
 229
 322
 245
 323
 243
 423
 226
 529
 200
 339
 184
 283
 201
 210
 261
 200
 271
 262
 293
 327
 244
 184
 240
 109
 276
 489
 235
 393
 255
 331
 230
 334
 239
 412
 283
 526
 286
 318
 301
 264
 267
 191
 206
 213
 196
 277
 177
 334
 233
 176
 228
 111
 260
 461
 278
 386
 245
 313
 218
 318
 222
 389
 228
 486
 278
 331
 259
 287
 260
 231
 210
 221
 199
 267
 226
 316
 240
 202
 233
 152
 209
 512
 255
 430
 227
 323
 241
 327
 231
 424
 207
 528
 188
 342
 179
 284
 200
 212
 261
 198
 272
 263
 299
 324
 242
 184
 238
 109
 249
 495
 230
 380
 259
 326
 237
 331
 252
 413
 296
 527
 299
 322
 303
 266
 268
 193
 207
 212
 196
 272
 175
 327
 232
 177
 226
 111
 270
 465
 280
 385
 243
 315
 214
 319
 215
 391
 219
 483
 270
 335
 255
 288
 258
 232
 209
 222
 198
 265
 235
 311
 239
 203
 232
 154
 237
 525
 257
 427
 225
 326
 238
 331
 220
 424
 189
 527
 176
 345
 174
 285
 198
 214
 261
 196
 272
 262
 304
 320
 239
 185
 237
 110
 222
 496
 225
 373
 261
 319
 243
 328
 266
 416
 309
 526
 309
 322
 304
 268
 268
 193
 205
 210
 193
 268
 169
 316
 232
 177
 226
 111
 279
 464
 280
 386
 242
 319
 212
 320
 210
 393
 212
 480
 265
 339
 253
 289
 256
 234
 208
 223
 198
 262
 243
 307
 239
 205
 232
 157
 269
 530
 261
 419
 226
 323
 237
 330
 214
 418
 174
 519
 168
 342
 172
 280
 200
 210
 264
 191
 275
 256
 310
 310
 241
 181
 238
 107
 195
 489
 216
 374
 256
 313
 241
 327
 273
 418
 317
 525
 314
 321
 299
 267
 266
 194
 199
 210
 185
 267
 160
 305
 230
 177
 224
 112
 282
 462
 275
 388
 237
 324
 207
 324
 202
 395
 200
 476
 256
 342
 248
 292
 251
 236
 203
 226
 195
 262
 245
 304
 234
 208
 228
 161
 296
 532
 267
 413
 228
 322
 239
 329
 211
 411
 163
 509
 164
 339
 173
 276
 202
 205
 266
 187
 278
 250
 315
 301
 243
 176
 242
 106
 181
 486
 211
 384
 251
 313
 239
 331
 274
 420
 325
 524
 316
 320
 297
 268
 265
 194
 196
 212
 181
 270
 153
 297
 227
 178
 222
 114
 285
 462
 273
 390
 235
 328
 207
 327
 200
 395
 193
 473
 254
 345
 247
 294
 250
 238
 202
 229
 195
 261
 249
 303
 234
 211
 229
 164
 310
 531
 274
 409
 232
 322
 243
 327
 215
 407
 157
 500
 163
 337
 176
 273
 206
 202
 271
 186
 283
 245
 320
 295
 248
 173
 247
 107
 177
 489
 207
 392
 247
 315
 235
 336
 269
 422
 329
 521
 315
 320
 296
 268
 263
 195
 194
 215
 179
 274
 149
 295
 223
 180
 218
 116
 286
 464
 275
 394
 239
 331
 213
 331
 205
 396
 192
 470
 258
 346
 253
 297
 255
 241
 207
 232
 201
 262
 256
 304
 239
 214
 235
 167
 311
 530
 279
 410
 235
 326
 247
 328
 220
 407
 155
 493
 164
 340
 179
 275
 209
 202
 273
 188
 285
 244
 322
 294
 252
 174
 249
 108
 186
 501
 205
 395
 247
 322
 235
 344
 263
 427
 329
 517
 315
 323
 296
 272
 262
 201
 196
 220
 181
 281
 149
 300
 222
 185
 218
 120
 284
 469
 278
 398
 243
 335
 221
 336
 212
 397
 194
 468
 265
 348
 261
 301
 260
 243
 211
 235
 207
 264
 259
 307
 244
 216
 241
 169
 302
 529
 280
 413
 236
 331
 250
 328
 229
 409
 156
 483
 165
 343
 180
 277
 209
 203
 272
 190
 284
 245
 321
 296
 254
 175
 248
 108
 201
 513
 210
 399
 250
 331
 236
 350
 254
 432
 326
 513
 314
 328
 295
 275
 261
 208
 199
 225
 186
 287
 152
 311
 224
 191
 221
 124
 280
 472
 278
 399
 247
 335
 228
 337
 219
 394
 197
 463
 272
 346
 268
 301
 265
 241
 215
 235
 211
 263
 258
 309
 247
 213
 246
 166
 288
 529
 275
 416
 236
 335
 251
 328
 239
 412
 161
 475
 167
 348
 181
 281
 208
 205
 270
 193
 280
 247
 317
 300
 253
 178
 246
 108
 217
 516
 221
 401
 255
 334
 238
 346
 245
 431
 321
 503
 313
 329
 295
 275
 267
 208
 202
 221
 192
 284
 156
 317
 228
 190
 227
 122
 273
 473
 274
 399
 248
 334
 232
 337
 225
 391
 200
 459
 277
 343
 272
 301
 267
 240
 215
 234
 213
 263
 252
 312
 248
 211
 248
 164
 271
 530
 265
 420
 233
 339
 249
 329
 251
 417
 168
 469
 169
 353
 181
 285
 205
 208
 266
 194
 274
 250
 310
 305
 251
 182
 241
 108
 239
 518
 238
 408
 261
 337
 239
 341
 235
 429
 314
 496
 311
 333
 296
 276
 277
 207
 207
 217
 200
 282
 164
 325
 236
 189
 236
 120
 261
 476
 265
 401
 243
 335
 230
 338
 226
 390
 200
 457
 277
 342
 270
 301
 264
 239
 211
 235
 208
 266
 238
 316
 244
 210
 244
 162
 255
 531
 254
 422
 231
 338
 246
 327
 264
 419
 180
 466
 175
 355
 183
 287
 203
 210
 262
 191
 268
 252
 303
 310
 248
 183
 238
 107
 260
 520
 252
 414
 261
 340
 235
 337
 220
 426
 301
 494
 302
 337
 292
 279
 281
 206
 211
 217
 205
 283
 176
 334
 241
 187
 240
 118
 250
 478
 255
 401
 239
 334
 226
 336
 227
 390
 202
 455
 277
 339
 269
 301
 261
 239
 206
 235
 201
 268
 223
 320
 239
 208
 240
 160
 239
 532
 241
 423
 228
 333
 243
 323
 275
 418
 193
 468
 182
 356
 184
 286
 199
 209
 257
 187
 262
 253
 295
 315
 245
 184
 234
 105
 273
 522
 260
 414
 253
 338
 224
 332
 200
 418
 282
 495
 286
 332
 284
 282
 274
 203
 214
 218
 206
 286
 191
 341
 240
 184
 235
 115
 241
 479
 248
 400
 237
 332
 224
 332
 230
 388
 210
 454
 281
 334
 269
 297
 260
 236
 204
 233
 197
 269
 210
 321
 239
 207
 239
 158
 227
 533
 230
 423
 227
 324
 242
 319
 285
 414
 210
 476
 193
 354
 189
 286
 200
 209
 255
 185
 260
 254
 288
 319
 244
 184
 234
 104
 286
 523
 273
 413
 253
 335
 222
 329
 192
 410
 266
 500
 272
 323
 280
 282
 270
 200
 217
 217
 209
 288
 204
 345
 243
 181
 236
 114
 233
 481
 242
 400
 236
 330
 222
 329
 233
 387
 219
 454
 285
 330
 269
 294
 259
 236
 202
 231
 193
 271
 196
 322
 238
 206
 236
 156
 209
 533
 215
 424
 219
 314
 237
 316
 288
 410
 227
 491
 201
 352
 189
 285
 195
 209
 248
 186
 253
 254
 271
 321
 239
 184
 229
 104
 288
 524
 280
 411
 257
 331
 225
 327
 190
 405
 239
 506
 257
 315
 277
 279
 267
 198
 216
 217
 211
 289
 212
 347
 243
 179
 234
 114
 227
 482
 239
 397
 238
 328
 223
 325
 240
 385
 232
 453
 292
 325
 272
 289
 260
 234
 204
 228
 192
 271
 186
 320
 241
 206
 238
 155
 192
 533
 200
 424
 207
 316
 233
 315
 288
 408
 252
 508
 210
 349
 189
 284
 192
 210
 243
 189
 246
 255
 251
 322
 233
 184
 226
 105
 290
 524
 281
 408
 260
 326
 227
 325
 187
 401
 205
 508
 241
 305
 273
 273
 264
 196
 211
 213
 210
 288
 214
 346
 239
 177
 230
 113
 222
 484
 237
 395
 240
 325
 224
 322
 246
 384
 245
 453
 298
 319
 276
 284
 262
 233
 206
 226
 192
 270
 179
 321
 245
 206
 240
 154
 184
 531
 197
 423
 207
 318
 239
 313
 294
 407
 292
 521
 227
 344
 199
 284
 198
 210
 247
 192
 250
 254
 243
 322
 238
 183
 232
 106
 301
 525
 282
 407
 261
 321
 228
 322
 186
 401
 176
 505
 226
 295
 270
 265
 260
 194
 207
 211
 208
 286
 215
 345
 234
 176
 225
 113
 217
 484
 235
 392
 241
 322
 224
 320
 250
 381
 255
 452
 303
 313
 279
 280
 263
 231
 208
 223
 191
 269
 174
 322
 248
 205
 242
 153
 165
 529
 183
 423
 199
 320
 234
 313
 287
 411
 313
 528
 232
 340
 196
 285
 193
 213
 240
 196
 242
 254
 226
 322
 231
 183
 227
 108
 319
 524
 284
 405
 262
 317
 229
 319
 187
 403
 159
 495
 215
 287
 269
 257
 259
 194
 206
 208
 208
 284
 218
 343
 231
 176
 223
 113
 213
 484
 236
 390
 243
 321
 225
 319
 253
 380
 262
 451
 309
 308
 284
 278
 265
 231
 209
 221
 190
 267
 169
 321
 251
 205
 244
 153
 154
 525
 181
 425
 203
 323
 239
 315
 290
 417
 324
 524
 244
 337
 201
 288
 197
 217
 245
 201
 244
 255
 224
 324
 233
 183
 231
 112
 327
 522
 280
 409
 255
 319
 223
 322
 182
 408
 151
 495
 200
 285
 262
 254
 253
 198
 200
 211
 202
 286
 215
 347
 221
 180
 215
 116
 210
 483
 238
 390
 246
 321
 227
 320
 253
 380
 266
 452
 312
 303
 287
 279
 266
 232
 209
 222
 190
 266
 165
 320
 253
 207
 246
 154
 149
 520
 188
 428
 214
 324
 249
 318
 298
 422
 329
 523
 259
 335
 211
 292
 207
 222
 255
 205
 251
 255
 230
 326
 241
 184
 240
 115
 327
 517
 271
 415
 243
 323
 212
 326
 173
 414
 151
 503
 186
 287
 251
 253
 243
 204
 191
 216
 193
 291
 207
 353
 209
 185
 204
 120
 209
 480
 240
 390
 248
 321
 228
 320
 250
 380
 267
 455
 314
 300
 290
 282
 268
 233
 210
 223
 191
 267
 164
 320
 253
 208
 248
 157
 148
 510
 199
 428
 227
 322
 260
 317
 308
 422
 330
 524
 272
 330
 221
 291
 218
 222
 267
 203
 259
 251
 241
 324
 251
 180
 250
 114
 322
 510
 259
 420
 230
 327
 199
 331
 164
 420
 156
 514
 175
 291
 240
 254
 232
 207
 181
 222
 185
 297
 197
 359
 197
 191
 192
 124
 209
 475
 244
 394
 250
 324
 229
 323
 246
 383
 267
 461
 313
 302
 290
 287
 269
 236
 210
 226
 192
 271
 165
 322
 250
 211
 249
 162
 150
 499
 213
 428
 238
 318
 271
 315
 317
 421
 327
 526
 282
 327
 230
 289
 229
 220
 277
 198
 268
 246
 254
 321
 260
 176
 260
 111
 317
 496
 248
 418
 222
 326
 192
 330
 160
 419
 164
 517
 172
 291
 233
 250
 226
 203
 174
 220
 182
 296
 189
 359
 189
 189
 186
 121
 209
 470
 247
 400
 250
 329
 229
 328
 241
 389
 262
 468
 310
 309
 288
 294
 268
 241
 208
 232
 192
 277
 168
 326
 246
 215
 248
 168
 155
 487
 230
 429
 248
 315
 280
 313
 322
 419
 321
 529
 286
 325
 236
 285
 237
 217
 284
 192
 276
 242
 269
 319
 268
 172
 268
 108
 313
 483
 238
 413
 219
 324
 190
 328
 164
 418
 177
 519
 179
 292
 232
 247
 227
 199
 173
 219
 184
 295
 185
 360
 189
 186
 186
 118
 212
 459
 250
 397
 249
 327
 229
 326
 236
 388
 257
 470
 305
 312
 285
 293
 267
 238
 207
 230
 192
 276
 173
 325
 242
 212
 247
 167
 158
 479
 243
 431
 250
 314
 282
 314
 319
 419
 308
 531
 280
 328
 235
 284
 237
 212
 285
 187
 279
 241
 279
 318
 270
 171
 270
 107
 306
 475
 228
 409
 220
 324
 192
 329
 172
 418
 192
 521
 191
 297
 235
 248
 230
 197
 174
 219
 183
 293
 179
 362
 191
 183
 188
 116
 218
 456
 255
 400
 249
 331
 228
 330
 232
 394
 251
 477
 299
 321
 281
 298
 266
 242
 206
 233
 194
 281
 179
 329
 239
 216
 246
 172
 167
 473
 256
 429
 252
 313
 281
 313
 310
 417
 294
 532
 270
 330
 233
 281
 236
 207
 284
 182
 281
 239
 289
 318
 271
 171
 271
 105
 301
 472
 223
 404
 226
 324
 199
 330
 186
 417
 211
 523
 210
 303
 244
 250
 237
 195
 179
 219
 185
 290
 176
 360
 198
 180
 196
 115
 225
 456
 258
 400
 247
 335
 227
 334
 227
 399
 244
 484
 292
 331
 276
 302
 263
 244
 204
 236
 195
 285
 186
 332
 235
 219
 244
 176
 179
 474
 267
 428
 251
 316
 278
 316
 297
 419
 279
 534
 256
 335
 228
 282
 231
 204
 281
 180
 282
 242
 298
 321
 268
 173
 268
 104
 298
 473
 226
 397
 241
 323
 215
 330
 210
 416
 238
 523
 239
 308
 261
 252
 253
 192
 193
 217
 193
 285
 180
 355
 215
 176
 213
 114
 232
 459
 260
 399
 243
 337
 224
 337
 221
 404
 235
 490
 284
 340
 270
 306
 260
 247
 201
 239
 195
 287
 193
 335
 232
 223
 241
 180
 184
 480
 263
 426
 236
 318
 261
 319
 268
 420
 250
 534
 227
 340
 208
 282
 214
 204
 265
 180
 270
 245
 293
 324
 252
 176
 252
 104
 292
 480
 230
 390
 256
 323
 230
 332
 234
 415
 264
 524
 267
 314
 279
 256
 268
 192
 206
 217
 201
 283
 185
 347
 231
 175
 228
 113
 244
 464
 265
 397
 242
 340
 224
 341
 218
 409
 228
 497
 280
 350
 268
 311
 260
 250
 202
 241
 198
 287
 204
 335
 233
 226
 241
 183
 195
 490
 256
 423
 222
 320
 244
 321
 239
 420
 223
 533
 198
 344
 190
 282
 197
 204
 251
 180
 260
 249
 288
 325
 236
 178
 239
 104
 279
 488
 231
 384
 267
 323
 242
 333
 253
 415
 285
 524
 291
 320
 293
 260
 277
 192
 214
 217
 205
 281
 185
 336
 242
 174
 239
 114
 257
 470
 271
 398
 242
 342
 225
 345
 217
 414
 223
 503
 276
 358
 267
 315
 261
 253
 205
 243
 202
 286
 216
 333
 235
 229
 242
 186
 221
 505
 257
 422
 220
 324
 240
 325
 223
 421
 208
 532
 182
 348
 183
 284
 193
 208
 250
 183
 261
 253
 295
 327
 233
 182
 237
 106
 253
 493
 225
 380
 266
 323
 242
 333
 260
 415
 294
 524
 302
 325
 296
 262
 275
 192
 211
 217
 200
 280
 176
 322
 241
 175
 237
 114
 267
 477
 273
 399
 241
 345
 225
 349
 215
 419
 216
 508
 273
 365
 266
 319
 261
 255
 206
 245
 205
 285
 228
 331
 237
 232
 243
 188
 253
 521
 262
 422
 222
 326
 241
 328
 214
 421
 198
 530
 172
 352
 180
 284
 195
 212
 254
 187
 269
 258
 306
 326
 236
 185
 241
 108
 227
 492
 221
 379
 264
 322
 242
 332
 266
 416
 304
 523
 310
 327
 299
 264
 273
 193
 207
 215
 195
 278
 168
 310
 239
 176
 234
 114
 273
 483
 272
 403
 237
 347
 222
 353
 210
 423
 207
 513
 268
 371
 262
 323
 259
 258
 206
 248
 205
 285
 236
 328
 236
 236
 241
 191
 280
 530
 265
 420
 223
 323
 241
 327
 207
 417
 186
 522
 163
 351
 177
 281
 198
 212
 259
 188
 275
 258
 315
 320
 238
 182
 245
 107
 203
 486
 219
 382
 262
 321
 241
 332
 269
 417
 312
 522
 317
 328
 301
 266
 269
 194
 204
 214
 190
 274
 160
 299
 237
 177
 231
 115
 277
 486
 273
 407
 237
 350
 222
 356
 207
 427
 200
 517
 266
 376
 262
 327
 260
 261
 208
 251
 207
 286
 245
 326
 238
 239
 241
 193
 299
 533
 265
 417
 223
 317
 240
 322
 201
 411
 174
 513
 156
 347
 173
 275
 200
 208
 263
 187
 280
 255
 321
 310
 240
 178
 247
 104
 189
 483
 219
 387
 261
 320
 241
 331
 270
 419
 321
 521
 322
 329
 303
 267
 266
 195
 201
 213
 186
 271
 155
 293
 235
 179
 226
 116
 281
 489
 274
 412
 239
 353
 224
 359
 208
 431
 197
 518
 267
 380
 264
 331
 263
 263
 212
 254
 210
 288
 254
 324
 242
 242
 244
 195
 307
 533
 267
 419
 222
 314
 239
 320
 200
 409
 160
 506
 151
 346
 171
 273
 202
 208
 265
 188
 283
 254
 326
 304
 241
 176
 249
 104
 184
 486
 218
 391
 259
 321
 241
 330
 269
 421
 327
 519
 324
 329
 304
 269
 263
 197
 198
 213
 184
 268
 151
 291
 232
 182
 222
 118
 282
 491
 276
 418
 243
 356
 227
 362
 211
 433
 195
 518
 269
 383
 267
 335
 266
 266
 217
 257
 214
 292
 261
 325
 247
 245
 247
 198
 309
 531
 271
 420
 223
 314
 240
 320
 205
 410
 148
 501
 149
 346
 170
 272
 204
 208
 268
 191
 286
 256
 329
 300
 243
 176
 251
 106
 186
 494
 211
 393
 255
 323
 240
 331
 264
 425
 329
 517
 323
 330
 301
 271
 260
 201
 195
 215
 182
 268
 148
 297
 227
 185
 216
 121
 282
 493
 277
 422
 249
 360
 231
 364
 216
 435
 195
 515
 274
 385
 270
 338
 271
 269
 221
 261
 218
 297
 264
 327
 252
 248
 251
 201
 309
 529
 279
 422
 227
 313
 244
 318
 218
 412
 145
 495
 154
 348
 174
 273
 210
 209
 274
 194
 291
 257
 333
 299
 249
 176
 255
 109
 194
 504
 208
 394
 253
 326
 240
 333
 258
 429
 329
 514
 322
 331
 299
 274
 259
 204
 195
 219
 184
 270
 148
 307
 224
 189
 214
 124
 281
 496
 277
 426
 256
 366
 235
 366
 221
 434
 197
 510
 278
 385
 274
 341
 275
 272
 226
 265
 221
 303
 265
 331
 256
 251
 254
 204
 302
 527
 279
 421
 228
 313
 245
 316
 233
 415
 144
 485
 158
 349
 176
 274
 211
 207
 274
 193
 292
 258
 333
 300
 251
 177
 255
 111
 209
 512
 211
 396
 254
 328
 242
 333
 250
 429
 325
 506
 321
 331
 299
 275
 262
 206
 196
 221
 189
 273
 152
 319
 225
 190
 216
 125
 275
 499
 274
 430
 261
 371
 236
 366
 226
 433
 197
 501
 281
 385
 275
 344
 276
 275
 226
 268
 220
 307
 260
 337
 257
 253
 254
 207
 291
 525
 274
 419
 228
 312
 245
 312
 246
 413
 149
 473
 163
 348
 177
 274
 209
 204
 273
 190
 289
 257
 328
 301
 251
 175
 254
 112
 225
 516
 221
 399
 255
 328
 243
 331
 241
 427
 318
 496
 317
 328
 300
 273
 266
 203
 200
 222
 196
 277
 160
 329
 230
 188
 222
 122
 264
 503
 266
 433
 259
 372
 233
 367
 227
 430
 196
 491
 281
 384
 272
 347
 272
 278
 222
 271
 215
 312
 249
 343
 253
 256
 251
 210
 277
 526
 264
 419
 226
 312
 244
 310
 259
 412
 158
 464
 167
 347
 177
 275
 206
 202
 269
 188
 284
 256
 320
 305
 249
 175
 249
 112
 239
 519
 235
 407
 256
 330
 242
 331
 229
 425
 305
 489
 309
 327
 299
 272
 269
 203
 203
 223
 203
 284
 168
 338
 235
 186
 228
 119
 252
 508
 257
 436
 254
 371
 229
 367
 227
 428
 197
 485
 280
 383
 268
 348
 268
 281
 217
 275
 208
 315
 236
 350
 248
 259
 246
 214
 260
 526
 251
 417
 221
 312
 240
 307
 268
 409
 171
 459
 170
 346
 175
 277
 200
 200
 263
 186
 275
 253
 308
 310
 245
 175
 243
 112
 250
 518
 249
 414
 258
 332
 240
 330
 218
 421
 290
 485
 300
 327
 298
 271
 272
 203
 206
 220
 208
 293
 178
 344
 238
 182
 234
 119
 238
 514
 248
 439
 248
 368
 225
 368
 227
 427
 199
 482
 279
 381
 264
 350
 264
 284
 211
 278
 201
 319
 221
 357
 243
 262
 241
 217
 248
 527
 242
 416
 222
 313
 243
 305
 281
 406
 196
 460
 179
 342
 178
 277
 201
 198
 263
 185
 272
 249
 300
 314
 245
 173
 243
 111
 256
 519
 255
 413
 257
 328
 233
 324
 204
 411
 269
 482
 287
 322
 294
 270
 270
 199
 207
 214
 210
 297
 184
 345
 235
 176
 233
 119
 228
 519
 242
 442
 244
 367
 224
 369
 228
 426
 207
 485
 281
 379
 264
 351
 262
 286
 208
 280
 196
 321
 208
 364
 240
 264
 239
 221
 238
 528
 236
 416
 223
 314
 248
 305
 294
 405
 226
 469
 191
 338
 183
 278
 204
 198
 264
 185
 272
 247
 292
 317
 248
 172
 245
 110
 261
 520
 259
 409
 256
 324
 227
 320
 193
 401
 245
 481
 273
 311
 288
 266
 267
 193
 206
 206
 209
 295
 190
 342
 232
 172
 230
 118
 219
 524
 237
 446
 240
 367
 223
 370
 230
 426
 217
 490
 285
 378
 265
 352
 261
 289
 207
 283
 193
 324
 198
 371
 239
 267
 239
 224
 221
 527
 224
 416
 218
 315
 246
 305
 296
 404
 252
 483
 196
 334
 182
 280
 201
 198
 260
 187
 266
 244
 275
 316
 245
 171
 241
 110
 272
 521
 268
 408
 258
 323
 228
 321
 190
 396
 224
 488
 267
 296
 287
 261
 269
 188
 210
 201
 214
 288
 200
 337
 233
 173
 230
 116
 212
 529
 233
 449
 239
 369
 222
 372
 233
 426
 228
 497
 289
 376
 266
 352
 261
 291
 206
 285
 191
 326
 189
 376
 239
 269
 239
 226
 205
 527
 213
 417
 213
 317
 244
 307
 295
 405
 275
 500
 202
 330
 182
 282
 199
 202
 256
 191
 261
 243
 257
 315
 242
 172
 238
 110
 283
 522
 276
 412
 261
 326
 230
 326
 191
 398
 201
 504
 263
 282
 286
 257
 269
 188
 211
 205
 217
 282
 208
 336
 235
 178
 229
 115
 208
 533
 233
 453
 239
 372
 224
 374
 237
 428
 240
 505
 295
 375
 270
 353
 264
 293
 207
 287
 192
 327
 183
 379
 241
 272
 242
 229
 191
 526
 205
 419
 210
 318
 243
 309
 294
 407
 296
 515
 209
 328
 182
 284
 198
 206
 254
 194
 259
 242
 244
 314
 241
 176
 237
 111
 294
 523
 282
 417
 262
 326
 228
 327
 192
 403
 184
 511
 261
 272
 285
 256
 268
 193
 211
 213
 219
 277
 214
 339
 233
 180
 227
 115
 204
 537
 232
 456
 240
 376
 225
 377
 240
 430
 251
 512
 299
 374
 274
 354
 266
 295
 209
 289
 193
 328
 178
 381
 243
 274
 244
 230
 174
 522
 195
 421
 204
 320
 238
 312
 288
 410
 304
 524
 211
 328
 180
 287
 194
 211
 249
 197
 253
 242
 230
 312
 236
 181
 234
 113
 303
 521
 281
 416
 261
 324
 223
 324
 188
 403
 174
 509
 258
 263
 282
 255
 264
 198
 207
 215
 217
 273
 217
 343
 228
 180
 224
 116
 201
 539
 233
 460
 241
 381
 226
 379
 243
 432
 258
 517
 303
 374
 277
 355
 268
 297
 210
 291
 194
 328
 175
 382
 245
 276
 247
 231
 165
 514
 194
 420
 207
 318
 240
 310
 290
 409
 312
 526
 219
 326
 184
 286
 197
 212
 251
 195
 255
 238
 226
 306
 239
 183
 237
 111
 308
 518
 276
 418
 258
 326
 216
 324
 183
 405
 170
 507
 256
 264
 275
 258
 257
 204
 200
 219
 211
 276
 217
 351
 221
 183
 218
 120
 198
 540
 232
 463
 241
 386
 225
 382
 243
 435
 261
 521
 304
 377
 278
 357
 267
 298
 210
 292
 194
 329
 173
 383
 245
 278
 247
 232
 160
 504
 199
 421
 213
 316
 246
 310
 296
 411
 317
 526
 228
 327
 192
 287
 204
 213
 257
 193
 259
 235
 229
 302
 244
 185
 243
 111
 309
 513
 265
 419
 251
 328
 207
 326
 174
 408
 168
 506
 251
 269
 264
 261
 246
 208
 191
 221
 198
 281
 211
 355
 212
 186
 209
 124
 197
 539
 235
 466
 242
 390
 226
 385
 244
 438
 263
 524
 304
 381
 280
 359
 268
 299
 213
 293
 196
 328
 174
 383
 248
 280
 250
 232
 159
 495
 207
 423
 223
 316
 253
 310
 305
 414
 318
 526
 236
 332
 201
 290
 212
 212
 264
 190
 265
 234
 236
 300
 251
 187
 250
 112
 309
 508
 253
 420
 244
 332
 199
 329
 169
 413
 170
 509
 248
 278
 255
 267
 238
 212
 183
 223
 188
 288
 205
 359
 205
 189
 201
 129
 198
 537
 239
 467
 244
 393
 226
 387
 244
 441
 263
 527
 302
 387
 280
 361
 269
 300
 214
 293
 197
 327
 175
 384
 249
 281
 251
 230
 161
 485
 219
 424
 233
 314
 260
 309
 314
 416
 316
 525
 243
 336
 210
 291
 220
 209
 272
 186
 272
 233
 245
 297
 257
 183
 257
 112
 308
 497
 244
 417
 240
 331
 197
 328
 169
 413
 179
 510
 249
 284
 252
 268
 237
 209
 179
 219
 186
 288
 202
 357
 204
 187
 200
 128
 201
 534
 246
 466
 246
 395
 228
 388
 245
 444
 261
 529
 300
 393
 280
 363
 270
 300
 217
 293
 201
 326
 178
 385
 252
 282
 253
 229
 163
 478
 230
 428
 240
 317
 264
 311
 315
 418
 308
 525
 243
 341
 213
 292
 224
 208
 277
 184
 275
 236
 254
 299
 259
 181
 258
 113
 305
 486
 235
 413
 237
 330
 197
 328
 173
 414
 190
 513
 252
 291
 252
 268
 239
 204
 178
 215
 189
 288
 199
 354
 204
 185
 201
 125
 205
 530
 252
 462
 248
 396
 227
 389
 243
 447
 257
 532
 296
 400
 278
 365
 269
 301
 218
 293
 202
 325
 181
 387
 253
 283
 253
 227
 169
 475
 240
 429
 243
 319
 265
 314
 309
 420
 298
 524
 238
 346
 213
 292
 225
 209
 279
 183
 276
 240
 261
 302
 258
 179
 256
 114
 298
 478
 229
 409
 236
 329
 199
 328
 180
 414
 202
 516
 256
 299
 255
 269
 245
 200
 179
 212
 192
 287
 196
 352
 207
 182
 206
 122
 211
 527
 260
 458
 251
 395
 228
 390
 240
 450
 251
 535
 290
 405
 275
 365
 269
 302
 219
 293
 204
 324
 187
 388
 254
 284
 253
 226
 178
 472
 250
 428
 244
 321
 264
 314
 299
 419
 285
 523
 230
 349
 210
 290
 222
 208
 279
 181
 275
 243
 268
 304
 256
 177
 252
 114
 293
 474
 229
 406
 239
 328
 206
 329
 194
 416
 217
 518
 266
 306
 265
 271
 253
 197
 184
 209
 195
 286
 195
 350
 215
 179
 216
 119
 219
 524
 268
 453
 253
 391
 227
 389
 237
 452
 244
 538
 284
 409
 271
 364
 268
 303
 220
 292
 206
 323
 193
 386
 254
 284
 254
 226
 191
 477
 258
 428
 242
 323
 260
 314
 287
 420
 270
 523
 219
 353
 205
 289
 217
 210
 278
 182
 275
 248
 276
 309
 252
 177
 247
 115
 285
 475
 232
 402
 246
 329
 215
 331
 212
 418
 233
 520
 278
 314
 277
 273
 263
 196
 192
 208
 198
 285
 193
 347
 225
 178
 227
 118
 230
 522
 276
 448
 256
 388
 228
 389
 232
 454
 236
 541
 278
 412
 267
 363
 268
 304
 221
 291
 207
 323
 200
 383
 255
 284
 254
 226
 202
 487
 261
 427
 234
 324
 252
 313
 269
 418
 252
 523
 204
 355
 196
 289
 207
 211
 271
 183
 271
 251
 282
 313
 244
 178
 238
 114
 275
 478
 237
 399
 253
 329
 225
 332
 229
 419
 250
 521
 291
 319
 287
 274
 271
 196
 201
 207
 198
 284
 186
 342
 234
 176
 235
 117
 238
 521
 276
 446
 251
 385
 221
 389
 221
 456
 220
 543
 265
 414
 258
 362
 261
 306
 215
 290
 202
 322
 201
 380
 248
 284
 249
 228
 217
 503
 261
 427
 227
 324
 246
 312
 253
 417
 235
 524
 190
 357
 187
 290
 199
 212
 266
 185
 271
 255
 290
 317
 238
 180
 231
 114
 264
 481
 241
 395
 258
 328
 232
 333
 243
 419
 263
 521
 301
 323
 295
 275
 276
 197
 207
 206
 196
 281
 177
 334
 239
 175
 239
 116
 252
 522
 277
 445
 248
 384
 219
 389
 212
 456
 207
 544
 257
 415
 252
 360
 257
 307
 212
 289
 201
 323
 204
 376
 245
 284
 246
 230
 232
 520
 260
 428
 221
 323
 242
 312
 239
 415
 219
 524
 178
 358
 180
 292
 193
 213
 260
 187
 272
 256
 300
 319
 233
 181
 227
 114
 253
 482
 244
 392
 261
 329
 237
 334
 254
 419
 275
 521
 309
 326
 300
 276
 278
 201
 210
 207
 192
 280
 169
 326
 242
 175
 240
 117
 271
 524
 280
 446
 248
 385
 220
 390
 206
 457
 198
 545
 253
 416
 250
 359
 257
 309
 213
 288
 203
 324
 209
 372
 245
 283
 247
 232
 245
 530
 258
 422
 216
 315
 239
 307
 227
 407
 205
 516
 168
 351
 174
 287
 189
 208
 255
 183
 275
 250
 310
 313
 230
 176
 224
 107
 243
 477
 246
 389
 263
 330
 240
 336
 260
 419
 286
 522
 315
 329
 302
 275
 277
 206
 210
 208
 187
 278
 162
 318
 243
 175
 239
 116
 289
 526
 281
 447
 248
 385
 221
 391
 201
 456
 188
 544
 251
 417
 250
 357
 258
 311
 213
 286
 204
 325
 213
 368
 246
 282
 248
 233
 254
 535
 254
 416
 211
 308
 237
 304
 219
 401
 192
 507
 159
 346
 169
 282
 186
 202
 252
 180
 279
 245
 319
 306
 228
 171
 224
 102
 239
 470
 249
 386
 266
 333
 244
 339
 265
 419
 298
 522
 320
 329
 306
 275
 277
 209
 211
 210
 186
 277
 158
 311
 245
 176
 240
 116
 298
 525
 281
 449
 248
 386
 222
 392
 199
 456
 180
 542
 250
 416
 250
 356
 259
 313
 214
 284
 206
 327
 217
 365
 247
 281
 250
 234
 257
 536
 251
 412
 210
 309
 238
 306
 214
 399
 180
 497
 153
 344
 166
 280
 185
 200
 251
 179
 283
 243
 325
 299
 227
 168
 225
 101
 239
 467
 251
 386
 267
 338
 245
 343
 265
 421
 307
 523
 323
 331
 308
 275
 277
 211
 211
 212
 185
 277
 155
 306
 245
 178
 240
 115
 303
 523
 282
 451
 248
 387
 224
 392
 200
 456
 174
 539
 253
 416
 252
 355
 261
 314
 216
 283
 208
 328
 220
 362
 249
 279
 251
 232
 254
 535
 247
 411
 210
 311
 238
 310
 213
 400
 170
 487
 148
 344
 164
 279
 185
 199
 251
 181
 285
 243
 329
 293
 226
 167
 228
 102
 242
 468
 253
 388
 267
 343
 245
 347
 259
 423
 312
 522
 323
 334
 308
 277
 276
 213
 211
 216
 185
 279
 155
 306
 244
 182
 241
 115
 304
 521
 284
 451
 251
 388
 229
 391
 208
 456
 174
 535
 260
 414
 257
 354
 266
 314
 221
 281
 213
 329
 226
 359
 254
 276
 256
 229
 248
 532
 243
 411
 208
 308
 240
 315
 218
 404
 165
 478
 149
 346
 164
 280
 186
 200
 253
 183
 287
 245
 329
 288
 226
 168
 231
 105
 248
 477
 254
 396
 267
 350
 243
 352
 251
 428
 309
 518
 321
 340
 307
 283
 275
 219
 210
 221
 186
 286
 156
 312
 244
 190
 241
 120
 301
 521
 284
 450
 254
 388
 233
 390
 218
 455
 176
 529
 267
 412
 262
 352
 270
 313
 225
 279
 216
 330
 229
 357
 258
 274
 260
 225
 240
 530
 238
 411
 206
 304
 240
 316
 225
 405
 165
 468
 151
 347
 163
 279
 186
 201
 253
 184
 285
 245
 326
 285
 226
 169
 232
 107
 258
 490
 256
 405
 268
 351
 242
 353
 242
 433
 303
 512
 317
 346
 306
 290
 276
 224
 212
 225
 189
 292
 161
 321
 244
 196
 243
 125
 296
 522
 284
 448
 257
 386
 236
 386
 230
 453
 182
 520
 276
 410
 269
 351
 276
 311
 230
 277
 218
 328
 232
 355
 263
 271
 264
 221
 230
 530
 233
 413
 207
 307
 239
 315
 235
 407
 170
 460
 157
 349
 164
 281
 185
 203
 252
 184
 280
 246
 320
 286
 226
 171
 231
 108
 268
 504
 258
 414
 268
 346
 239
 348
 231
 434
 294
 507
 311
 352
 304
 297
 276
 228
 213
 229
 193
 298
 167
 330
 243
 201
 243
 131
 287
 523
 281
 446
 258
 384
 238
 382
 238
 446
 190
 512
 283
 406
 273
 349
 279
 308
 233
 275
 217
 326
 232
 354
 266
 268
 267
 216
 221
 531
 228
 415
 211
 312
 238
 310
 248
 407
 181
 455
 166
 350
 166
 281
 184
 202
 251
 182
 273
 241
 311
 287
 227
 172
 230
 107
 278
 508
 261
 415
 268
 337
 236
 339
 223
 426
 285
 498
 302
 347
 301
 293
 277
 222
 214
 223
 198
 296
 175
 332
 243
 196
 243
 129
 272
 525
 271
 443
 253
 381
 233
 378
 238
 437
 194
 503
 283
 401
 271
 348
 274
 302
 228
 273
 209
 323
 223
 354
 262
 265
 262
 212
 216
 533
 227
 416
 217
 314
 242
 306
 265
 407
 197
 457
 181
 350
 173
 282
 187
 201
 254
 181
 269
 237
 305
 290
 232
 171
 232
 105
 286
 511
 264
 415
 267
 334
 232
 335
 214
 419
 274
 495
 290
 340
 296
 289
 276
 215
 213
 217
 201
 293
 182
 333
 240
 190
 239
 126
 252
 526
 257
 442
 243
 378
 223
 374
 233
 429
 197
 495
 280
 394
 265
 346
 265
 296
 219
 271
 197
 320
 208
 355
 254
 262
 254
 209
 211
 535
 226
 418
 223
 315
 246
 303
 282
 405
 211
 467
 197
 349
 180
 283
 192
 200
 256
 179
 265
 233
 298
 294
 237
 170
 234
 102
 290
 512
 266
 415
 264
 336
 228
 336
 205
 415
 261
 499
 277
 334
 289
 286
 274
 210
 211
 213
 202
 292
 188
 335
 237
 187
 234
 126
 242
 526
 249
 440
 242
 375
 222
 371
 235
 422
 210
 491
 284
 387
 268
 345
 264
 290
 218
 269
 194
 317
 201
 357
 253
 259
 253
 206
 202
 537
 220
 418
 225
 314
 247
 303
 293
 403
 224
 482
 209
 345
 185
 285
 194
 199
 257
 178
 260
 231
 287
 299
 240
 170
 234
 101
 289
 512
 265
 415
 257
 338
 220
 337
 194
 412
 236
 501
 259
 327
 278
 281
 266
 206
 203
 211
 196
 291
 189
 337
 229
 184
 224
 126
 231
 526
 241
 439
 238
 372
 219
 368
 235
 417
 222
 489
 287
 379
 268
 343
 262
 284
 215
 267
 190
 313
 190
 359
 251
 256
 251
 204
 187
 538
 209
 417
 219
 312
 243
 304
 294
 399
 240
 498
 214
 341
 183
 286
 192
 199
 251
 177
 249
 228
 270
 301
 235
 169
 230
 100
 290
 511
 266
 415
 252
 338
 215
 337
 187
 411
 213
 503
 245
 320
 271
 277
 259
 204
 196
 211
 193
 291
 191
 339
 223
 183
 218
 126
 226
 525
 238
 438
 240
 370
 222
 367
 240
 414
 240
 489
 293
 369
 274
 340
 264
 280
 216
 265
 191
 310
 185
 360
 253
 253
 254
 202
 180
 537
 204
 415
 221
 309
 245
 307
 298
 397
 271
 509
 225
 335
 187
 287
 198
 199
 253
 177
 247
 227
 261
 302
 238
 170
 233
 100
 294
 511
 269
 416
 250
 339
 213
 337
 183
 410
 194
 505
 235
 314
 266
 274
 254
 205
 193
 214
 192
 293
 193
 341
 221
 185
 215
 127
 221
 523
 235
 438
 240
 368
 224
 366
 243
 412
 254
 491
 299
 361
 277
 338
 264
 276
 216
 263
 192
 307
 179
 357
 253
 251
 256
 201
 174
 535
 203
 415
 224
 310
 250
 311
 300
 403
 303
 520
 236
 331
 194
 289
 205
 201
 257
 180
 247
 227
 257
 305
 242
 172
 239
 103
 299
 512
 268
 413
 247
 336
 211
 334
 180
 408
 179
 503
 227
 308
 261
 269
 248
 205
 189
 216
 189
 293
 192
 341
 216
 185
 211
 126
 217
 519
 233
 437
 240
 366
 225
 365
 245
 411
 264
 493
 303
 355
 280
 336
 264
 275
 215
 261
 193
 305
 174
 352
 252
 248
 256
 201
 162
 532
 195
 416
 219
 312
 246
 313
 292
 414
 315
 527
 238
 329
 193
 290
 203
 202
 254
 182
 241
 227
 248
 306
 239
 175
 239
 106
 306
 513
 267
 410
 247
 333
 212
 332
 179
 404
 172
 501
 224
 303
 259
 266
 245
 205
 188
 215
 190
 293
 193
 341
 215
 186
 211
 125
 214
 514
 232
 435
 240
 364
 226
 365
 246
 411
 267
 493
 306
 351
 281
 333
 263
 274
 213
 259
 192
 302
 171
 348
 251
 246
 256
 200
 156
 525
 195
 416
 221
 314
 248
 314
 291
 420
 322
 531
 242
 327
 197
 290
 207
 202
 257
 184
 242
 226
 248
 305
 242
 176
 242
 107
 310
 513
 261
 409
 242
 333
 209
 332
 174
 402
 167
 500
 220
 302
 253
 265
 240
 207
 185
 216
 186
 293
 189
 343
 210
 188
 207
 124
 212
 506
 234
 434
 240
 363
 226
 364
 246
 412
 267
 493
 309
 350
 282
 331
 263
 274
 211
 257
 191
 300
 168
 346
 249
 243
 255
 198
 154
 514
 202
 417
 227
 315
 253
 312
 297
 420
 324
 532
 248
 327
 205
 287
 214
 201
 262
 183
 248
 223
 254
 303
 248
 175
 249
 106
 310
 510
 254
 412
 236
 337
 205
 336
 171
 405
 168
 505
 219
 307
 247
 270
 236
 211
 183
 220
 182
 297
 184
 348
 206
 194
 204
 127
 212
 497
 239
 432
 240
 361
 227
 362
 246
 412
 264
 493
 310
 351
 282
 329
 263
 274
 210
 255
 191
 298
 167
 346
 247
 242
 253
 197
 155
 502
 214
 423
 235
 317
 261
 310
 307
 417
 322
 531
 252
 331
 214
 285
 223
 200
 271
 183
 257
 222
 266
 302
 256
 175
 257
 106
 307
 496
 248
 413
 232
 340
 202
 340
 170
 408
 173
 509
 222
 313
 244
 275
 235
 214
 183
 223
 179
 300
 180
 352
 205
 198
 203
 129
 214
 488
 246
 428
 241
 359
 227
 359
 245
 413
 260
 493
 308
 352
 280
 326
 263
 273
 209
 253
 192
 296
 169
 346
 246
 240
 252
 195
 160
 490
 230
 431
 245
 321
 270
 310
 316
 414
 318
 531
 256
 338
 224
 284
 232
 201
 280
 184
 268
 222
 280
 301
 266
 176
 265
 106
 304
 480
 242
 409
 229
 339
 202
 340
 173
 407
 184
 510
 229
 315
 247
 277
 238
 212
 185
 220
 179
 297
 178
 351
 206
 195
 205
 128
 218
 479
 255
 424
 243
 358
 227
 355
 244
 413
 255
 493
 305
 354
 278
 324
 263
 272
 209
 251
 192
 294
 172
 347
 245
 239
 252
 193
 161
 482
 241
 435
 246
 323
 271
 310
 316
 412
 306
 531
 250
 342
 224
 283
 232
 201
 281
 185
 272
 224
 288
 301
 267
 177
 265
 106
 301
 471
 237
 405
 230
 338
 204
 340
 180
 409
 198
 511
 238
 318
 251
 280
 242
 209
 188
 218
 179
 295
 176
 349
 209
 190
 207
 126
 224
 472
 263
 419
 244
 355
 225
 349
 241
 412
 250
 493
 301
 356
 276
 321
 264
 270
 209
 249
 193
 292
 176
 345
 245
 237
 251
 191
 167
 479
 254
 435
 246
 326
 270
 311
 310
 410
 293
 531
 243
 345
 223
 283
 230
 203
 282
 186
 275
 227
 296
 301
 267
 178
 263
 107
 301
 466
 236
 400
 236
 335
 211
 338
 193
 411
 216
 512
 253
 321
 262
 281
 250
 207
 195
 215
 184
 292
 177
 346
 217
 185
 215
 125
 231
 467
 266
 412
 245
 353
 224
 344
 237
 411
 245
 493
 295
 359
 274
 320
 264
 268
 210
 248
 194
 291
 182
 342
 244
 236
 250
 189
 176
 481
 262
 433
 243
 328
 266
 313
 299
 410
 278
 532
 232
 347
 216
 283
 224
 205
 278
 185
 275
 231
 301
 302
 262
 178
 256
 106
 299
 464
 237
 397
 243
 332
 221
 336
 208
 415
 235
 513
 268
 323
 273
 279
 259
 205
 203
 212
 190
 289
 179
 342
 225
 181
 222
 124
 239
 465
 269
 406
 246
 350
 222
 340
 233
 410
 239
 494
 289
 361
 271
 318
 263
 266
 210
 246
 195
 289
 189
 337
 244
 235
 249
 187
 181
 489
 257
 428
 230
 329
 252
 315
 276
 410
 254
 532
 209
 348
 197
 281
 209
 207
 265
 183
 265
 235
 297
 302
 247
 178
 240
 105
 296
 464
 240
 393
 253
 328
 233
 333
 227
 417
 253
 513
 286
 325
 286
 275
 270
 205
 211
 210
 197
 285
 181
 336
 236
 178
 232
 124
 247
 466
 271
 401
 246
 347
 220
 338
 228
 409
 233
 494
 282
 362
 269
 317
 263
 264
 210
 244
 196
 288
 197
 332
 243
 234
 248
 185
 193
 500
 253
 424
 220
 330
 242
 316
 255
 411
 234
 532
 190
 349
 181
 279
 196
 208
 256
 181
 259
 239
 296
 301
 236
 178
 228
 105
 287
 467
 241
 391
 260
 325
 242
 331
 242
 416
 267
 513
 299
 324
 294
 266
 276
 205
 216
 209
 201
 282
 179
 330
 242
 176
 238
 125
 260
 469
 276
 398
 250
 345
 222
 338
 227
 409
 230
 493
 278
 362
 270
 316
 265
 261
 214
 243
 199
 286
 207
 325
 246
 233
 250
 183
 216
 513
 255
 421
 219
 331
 240
 319
 243
 413
 221
 531
 178
 351
 174
 279
 193
 210
 254
 181
 260
 243
 303
 300
 233
 178
 229
 106
 269
 469
 238
 389
 261
 324
 244
 329
 251
 414
 275
 513
 306
 323
 298
 259
 277
 207
 215
 208
 199
 280
 172
 324
 243
 176
 238
 125
 270
 472
 278
 397
 249
 342
 221
 338
 222
 409
 223
 493
 271
 363
 268
 316
 263
 259
 213
 241
 199
 285
 214
 318
 245
 232
 249
 182
 238
 527
 256
 421
 218
 331
 239
 322
 233
 416
 209
 529
 168
 353
 169
 279
 191
 212
 253
 181
 262
 247
 310
 299
 232
 180
 232
 108
 251
 471
 236
 387
 262
 323
 246
 327
 257
 412
 283
 512
 312
 323
 301
 257
 277
 208
 212
 208
 198
 277
 165
 317
 243
 177
 238
 125
 279
 472
 279
 397
 247
 340
 219
 339
 217
 409
 215
 491
 265
 363
 264
 315
 261
 257
 213
 240
 198
 284
 219
 311
 243
 231
 247
 180
 259
 533
 257
 419
 217
 324
 239
 318
 226
 412
 198
 521
 162
 348
 165
 272
 189
 206
 253
 176
 264
 243
 316
 288
 231
 175
 235
 105
 237
 473
 237
 386
 264
 325
 249
 328
 261
 412
 292
 511
 317
 324
 306
 264
 279
 211
 213
 210
 199
 278
 161
 311
 246
 180
 241
 126
 284
 472
 275
 396
 241
 337
 214
 338
 211
 409
 204
 488
 256
 362
 258
 315
 255
 254
 209
 238
 194
 282
 220
 306
 240
 231
 243
 180
 275
 536
 256
 419
 217
 317
 238
 312
 221
 407
 186
 514
 157
 342
 164
 266
 188
 199
 252
 173
 265
 238
 320
 277
 231
 170
 231
 101
 226
 476
 237
 386
 263
 329
 248
 329
 261
 415
 299
 511
 320
 327
 307
 274
 280
 213
 211
 213
 198
 279
 157
 306
 245
 182
 241
 127
 285
 471
 274
 397
 238
 335
 211
 338
 207
 408
 197
 485
 252
 362
 255
 315
 251
 252
 208
 236
 192
 280
 222
 303
 238
 229
 241
 179
 285
 538
 255
 420
 216
 311
 239
 309
 220
 403
 174
 509
 154
 338
 163
 262
 188
 194
 250
 174
 265
 235
 323
 269
 231
 166
 227
  99
 225
 479
 238
 388
 263
 334
 248
 332
 259
 418
 305
 510
 322
 332
 308
 280
 281
 216
 211
 217
 199
 282
 156
 304
 246
 186
 243
 128
 285
 471
 274
 397
 237
 334
 212
 337
 207
 407
 192
 481
 251
 363
 253
 314
 250
 250
 209
 235
 192
 279
 223
 302
 240
 228
 243
 179
 287
 538
 257
 418
 217
 309
 239
 309
 224
 404
 167
 506
 154
 338
 164
 263
 188
 192
 250
 179
 265
 235
 324
 266
 231
 167
 225
  99
 230
 481
 240
 390
 264
 337
 245
 335
 254
 421
 308
 508
 321
 336
 308
 283
 281
 218
 212
 221
 200
 285
 157
 304
 246
 189
 244
 129
 286
 471
 277
 397
 241
 332
 216
 336
 214
 405
 192
 476
 254
 364
 256
 314
 252
 248
 214
 233
 197
 277
 226
 304
 246
 227
 248
 179
 284
 538
 259
 409
 217
 310
 240
 311
 230
 405
 165
 499
 155
 340
 165
 267
 188
 193
 249
 183
 263
 237
 322
 268
 232
 169
 225
 100
 234
 484
 239
 395
 264
 337
 241
 339
 244
 422
 304
 506
 318
 341
 306
 286
 280
 221
 212
 223
 200
 290
 159
 309
 244
 193
 244
 131
 283
 471
 279
 398
 243
 331
 220
 335
 220
 401
 194
 472
 258
 366
 258
 313
 254
 246
 219
 232
 201
 275
 226
 307
 251
 226
 253
 179
 276
 537
 259
 408
 218
 312
 242
 314
 241
 407
 170
 490
 158
 342
 168
 272
 189
 195
 249
 185
 262
 239
 319
 273
 233
 172
 228
 101
 238
 490
 241
 403
 265
 338
 238
 343
 234
 424
 295
 503
 313
 345
 304
 290
 279
 224
 213
 226
 201
 294
 164
 317
 242
 196
 244
 134
 281
 472
 281
 398
 245
 330
 223
 333
 228
 397
 196
 466
 263
 366
 261
 312
 256
 244
 223
 230
 205
 274
 226
 311
 256
 224
 258
 178
 267
 535
 258
 414
 218
 314
 243
 316
 253
 410
 181
 480
 163
 345
 170
 277
 190
 197
 249
 185
 260
 242
 314
 282
 234
 173
 231
 102
 241
 496
 242
 410
 262
 338
 234
 344
 224
 425
 283
 500
 307
 348
 301
 295
 277
 225
 213
 227
 202
 297
 171
 328
 240
 198
 243
 137
 276
 472
 279
 397
 245
 329
 225
 331
 235
 393
 199
 461
 269
 364
 262
 311
 256
 242
 226
 229
 206
 272
 222
 315
 259
 223
 261
 178
 258
 534
 255
 419
 220
 317
 247
 318
 266
 412
 195
 474
 171
 348
 174
 283
 192
 200
 252
 184
 260
 245
 307
 292
 236
 174
 234
 103
 243
 499
 243
 416
 258
 337
 231
 341
 213
 424
 268
 498
 299
 348
 297
 297
 275
 225
 211
 225
 203
 298
 179
 338
 238
 197
 241
 138
 270
 472
 276
 396
 244
 328
 226
 329
 239
 390
 201
 456
 274
 358
 262
 310
 254
 240
 226
 228
 206
 271
 216
 319
 260
 222
 262
 177
 250
 534
 252
 424
 223
 321
 251
 320
 280
 415
 213
 474
 180
 350
 177
 288
 194
 203
 255
 183
 262
 249
 300
 303
 238
 176
 235
 104
 244
 501
 243
 418
 253
 335
 228
 336
 202
 420
 252
 499
 290
 344
 293
 296
 272
 222
 204
 220
 201
 295
 184
 344
 235
 193
 237
 136
 260
 472
 268
 395
 238
 327
 222
 327
 237
 387
 201
 453
 276
 351
 257
 307
 248
 239
 222
 226
 202
 269
 205
 322
 255
 220
 257
 175
 246
 534
 251
 425
 229
 323
 258
 320
 294
 416
 235
 480
 193
 350
 183
 291
 200
 203
 261
 180
 266
 250
 294
 310
 244
 176
 238
 103
 245
 501
 243
 417
 249
 331
 225
 330
 195
 416
 237
 504
 280
 337
 288
 292
 269
 218
 199
 215
 200
 292
 190
 348
 234
 189
 234
 134
 254
 472
 263
 394
 236
 326
 221
 325
 237
 384
 205
 450
 280
 343
 256
 305
 246
 237
 221
 225
 201
 267
 198
 324
 253
 218
 255
 172
 236
 534
 242
 426
 227
 325
 256
 320
 296
 417
 248
 495
 197
 350
 181
 293
 197
 204
 260
 178
 263
 252
 277
 313
 240
 176
 233
 104
 249
 499
 245
 412
 248
 326
 225
 323
 191
 410
 225
 508
 273
 327
 287
 285
 268
 212
 197
 210
 201
 287
 196
 347
 234
 183
 234
 129
 250
 472
 260
 393
 236
 326
 222
 323
 238
 383
 213
 450
 285
 336
 258
 302
 245
 235
 222
 223
 201
 266
 192
 322
 253
 217
 255
 169
 229
 534
 236
 425
 228
 326
 257
 320
 296
 416
 267
 512
 204
 349
 181
 294
 197
 203
 260
 175
 263
 252
 266
 314
 239
 177
 230
 104
 254
 500
 248
 410
 248
 324
 226
 321
 191
 409
 212
 510
 268
 320
 286
 281
 268
 209
 198
 209
 202
 284
 199
 345
 235
 181
 234
 127
 247
 472
 257
 391
 235
 325
 223
 321
 239
 381
 221
 450
 290
 330
 259
 300
 245
 234
 222
 222
 201
 265
 188
 320
 252
 215
 254
 166
 223
 534
 231
 424
 229
 325
 257
 318
 295
 416
 290
 523
 209
 346
 183
 293
 198
 202
 262
 175
 265
 251
 260
 313
 239
 177
 228
 103
 259
 502
 252
 410
 250
 324
 228
 320
 192
 409
 202
 511
 263
 315
 286
 279
 269
 208
 200
 209
 203
 283
 201
 343
 236
 182
 236
 127
 244
 473
 254
 391
 236
 326
 224
 321
 239
 382
 228
 451
 293
 325
 260
 298
 244
 234
 222
 222
 201
 265
 185
 318
 250
 215
 254
 165
 214
 534
 224
 424
 225
 324
 253
 317
 289
 415
 299
 529
 207
 345
 179
 292
 194
 200
 257
 176
 262
 250
 253
 311
 234
 177
 223
 104
 263
 504
 253
 411
 250
 326
 228
 321
 193
 412
 192
 510
 259
 311
 285
 279
 268
 209
 200
 212
 203
 283
 199
 341
 235
 184
 235
 128
 241
 474
 252
 391
 236
 326
 224
 320
 238
 382
 235
 453
 296
 321
 261
 296
 244
 233
 222
 222
 201
 265
 182
 315
 249
 214
 253
 163
 206
 534
 218
 424
 223
 323
 249
 315
 284
 414
 302
 532
 206
 342
 176
 289
 192
 199
 254
 178
 260
 248
 252
 309
 230
 176
 219
 104
 271
 506
 258
 412
 254
 327
 231
 322
 198
 414
 191
 509
 259
 307
 287
 279
 271
 209
 203
 212
 205
 283
 199
 339
 238
 186
 238
 128
 239
 476
 249
 391
 236
 327
 224
 320
 238
 383
 241
 457
 297
 320
 262
 296
 244
 234
 220
 222
 200
 266
 181
 314
 248
 214
 252
 162
 202
 534
 218
 425
 223
 321
 249
 314
 284
 413
 302
 533
 206
 340
 176
 287
 192
 197
 254
 178
 263
 246
 258
 307
 231
 176
 219
 104
 275
 507
 259
 414
 255
 329
 231
 325
 200
 417
 191
 509
 259
 306
 287
 281
 270
 209
 202
 214
 203
 283
 195
 340
 237
 188
 238
 129
 238
 477
 248
 391
 236
 328
 225
 320
 237
 383
 244
 458
 296
 318
 263
 295
 245
 234
 219
 222
 199
 266
 182
 312
 246
 214
 251
 161
 199
 534
 219
 427
 225
 320
 250
 313
 285
 413
 299
 532
 206
 339
 178
 284
 194
 196
 257
 177
 267
 244
 267
 304
 233
 174
 222
 103
 279
 507
 261
 414
 255
 329
 230
 326
 201
 417
 195
 509
 262
 306
 288
 282
 269
 208
 201
 214
 201
 282
 189
 341
 236
 189
 237
 128
 236
 478
 246
 391
 237
 328
 225
 320
 237
 384
 245
 460
 295
 318
 262
 294
 245
 234
 217
 222
 198
 266
 183
 310
 245
 213
 251
 160
 198
 535
 219
 428
 227
 318
 254
 312
 287
 413
 296
 531
 206
 338
 181
 282
 197
 196
 261
 176
 271
 243
 278
 302
 236
 173
 228
 103
 287
 506
 266
 415
 258
 329
 232
 327
 206
 417
 205
 510
 270
 307
 292
 283
 271
 207
 202
 213
 202
 281
 186
 343
 237
 188
 239
 127
 235
 479
 245
 391
 238
 328
 225
 320
 236
 384
 245
 461
 292
 319
 262
 293
 246
 234
 215
 222
 197
 266
 186
 309
 245
 213
 251
 159
 196
 536
 221
 430
 230
 318
 258
 311
 289
 414
 293
 531
 206
 339
 184
 282
 200
 196
 266
 175
 276
 243
 291
 300
 241
 172
 235
 102
 294
 505
 270
 414
 261
 330
 234
 328
 209
 417
 215
 511
 280
 309
 295
 282
 273
 207
 203
 213
 202
 280
 182
 343
 238
 187
 241
 127
 234
 479
 244
 390
 238
 327
 225
 319
 235
 384
 244
 461
 289
 319
 261
 292
 246
 233
 213
 220
 196
 265
 189
 306
 244
 211
 250
 158
 188
 536
 215
 431
 226
 318
 257
 311
 285
 415
 283
 530
 200
 339
 180
 280
 197
 197
 265
 174
 275
 243
 298
 298
 239
 171
 236
 101
 299
 504
 273
 413
 262
 330
 234
 330
 212
 416
 223
 511
 290
 313
 297
 279
 273
 206
 203
 212
 201
 279
 178
 340
 238
 186
 241
 126
 234
 480
 244
 391
 239
 329
 225
 320
 235
 386
 241
 463
 285
 322
 261
 294
 247
 235
 212
 222
 196
 267
 193
 306
 244
 211
 250
 158
 179
 537
 208
 431
 221
 317
 255
 310
 280
 417
 273
 530
 192
 341
 176
 279
 192
 197
 262
 173
 273
 243
 302
 295
 237
 170
 236
 100
 304
 502
 277
 412
 263
 330
 234
 331
 214
 415
 229
 512
 297
 315
 296
 273
 274
 205
 203
 212
 199
 279
 173
 331
 238
 185
 242
 125
 234
 480
 244
 391
 240
 328
 225
 320
 235
 385
 239
 462
 282
 324
 260
 293
 248
 234
 211
 221
 196
 266
 199
 304
 245
 210
 250
 157
 172
 538
 202
 433
 217
 318
 253
 312
 274
 419
 265
 532
 184
 344
 172
 280
 189
 199
 260
 173
 272
 245
 306
 294
 235
 171
 235
 100
 309
 501
 280
 411
 265
 331
 235
 332
 217
 414
 234
 512
 304
 317
 295
 267
 275
 205
 203
 211
 199
 279
 169
 323
 239
 184
 242
 125
 236
 481
 246
 391
 243
 328
 227
 320
 236
 386
 238
 463
 280
 327
 262
 294
 251
 234
 212
 221
 198
 266
 207
 301
 247
 209
 252
 157
 166
 537
 199
 432
 215
 318
 251
 311
 270
 420
 260
 532
 180
 345
 171
 279
 187
 199
 260
 173
 272
 245
 311
 291
 234
 170
 235
 100
 313
 501
 283
 410
 265
 331
 235
 333
 220
 414
 239
 513
 308
 320
 296
 266
 275
 205
 203
 211
 198
 279
 164
 319
 239
 183
 242
 125
 237
 481
 247
 391
 245
 327
 228
 320
 237
 386
 236
 462
 277
 329
 262
 293
 253
 234
 213
 220
 200
 265
 215
 297
 250
 208
 253
 156
 162
 537
 196
 432
 214
 318
 249
 312
 267
 421
 256
 533
 176
 347
 171
 278
 187
 200
 261
 174
 273
 246
 316
 290
 234
 171
 235
 100
 317
 500
 286
 409
 266
 331
 235
 333
 222
 413
 241
 513
 311
 321
 297
 269
 275
 204
 202
 211
 197
 279
 161
 318
 238
 182
 242
 124
 238
 481
 248
 391
 247
 328
 229
 320
 237
 387
 235
 463
 275
 332
 262
 294
 255
 234
 214
 220
 202
 265
 222
 294
 251
 208
 254
 156
 159
 537
 194
 432
 213
 318
 247
 313
 265
 423
 253
 534
 173
 350
 170
 277
 187
 201
 260
 176
 275
 247
 318
 289
 235
 172
 235
 101
 318
 499
 286
 407
 265
 330
 234
 332
 223
 412
 242
 513
 312
 322
 299
 275
 274
 204
 201
 210
 195
 279
 159
 314
 237
 181
 240
 124
 240
 482
 250
 392
 249
 328
 231
 321
 239
 388
 234
 463
 273
 334
 264
 294
 258
 235
 216
 221
 205
 265
 229
 292
 254
 208
 256
 156
 157
 536
 194
 431
 213
 318
 246
 313
 263
 423
 251
 533
 172
 351
 171
 276
 188
 200
 261
 179
 278
 248
 321
 289
 236
 173
 237
 101
 318
 499
 286
 406
 262
 330
 231
 333
 224
 412
 240
 514
 310
 324
 297
 278
 271
 204
 197
 211
 192
 280
 159
 312
 234
 181
 236
 124
 240
 482
 250
 392
 250
 327
 231
 321
 239
 388
 233
 462
 271
 335
 264
 294
 258
 235
 217
 220
 206
 264
 234
 290
 255
 207
 256
 156
 156
 535
 193
 430
 213
 318
 245
 314
 261
 424
 250
 533
 171
 353
 171
 275
 189
 200
 262
 182
 279
 250
 321
 291
 237
 174
 238
 102
 317
 498
 285
 404
 260
 329
 229
 331
 225
 410
 239
 514
 308
 324
 296
 278
 269
 204
 195
 210
 190
 280
 161
 310
 231
 180
 233
 124
 242
 482
 252
 392
 251
 327
 232
 321
 240
 388
 234
 463
 270
 337
 265
 295
 260
 236
 219
 221
 208
 264
 237
 290
 257
 207
 257
 156
 156
 535
 194
 430
 214
 319
 246
 317
 262
 426
 250
 533
 171
 355
 173
 276
 191
 201
 264
 185
 282
 252
 321
 294
 240
 176
 240
 103
 316
 498
 284
 403
 257
 327
 227
 330
 226
 409
 237
 514
 305
 324
 293
 276
 266
 203
 192
 210
 187
 279
 161
 310
 229
 180
 229
 123
 241
 482
 251
 392
 251
 327
 231
 321
 239
 388
 233
 462
 268
 338
 264
 295
 261
 236
 219
 221
 209
 264
 236
 290
 257
 206
 257
 156
 157
 534
 196
 429
 215
 320
 247
 318
 262
 426
 251
 533
 172
 355
 174
 275
 193
 202
 266
 187
 285
 254
 321
 297
 242
 176
 243
 104
 316
 498
 283
 402
 255
 326
 225
 329
 226
 409
 235
 514
 302
 324
 291
 274
 263
 203
 190
 209
 184
 279
 161
 313
 226
 179
 226
 123
 242
 481
 252
 392
 251
 326
 232
 320
 240
 388
 234
 462
 267
 339
 264
 294
 262
 235
 220
 220
 211
 264
 236
 292
 259
 206
 258
 156
 158
 533
 198
 429
 217
 321
 249
 319
 263
 426
 252
 533
 174
 356
 175
 275
 195
 202
 269
 189
 287
 256
 320
 301
 244
 177
 246
 105
 316
 499
 283
 402
 255
 326
 224
 328
 225
 409
 234
 514
 300
 325
 289
 272
 263
 203
 189
 210
 183
 280
 162
 318
 225
 179
 224
 124
 242
 482
 252
 393
 251
 326
 232
 321
 240
 389
 234
 463
 266
 340
 264
 295
 262
 236
 221
 221
 211
 264
 233
 295
 259
 206
 258
 156
 160
 533
 199
 429
 218
 321
 252
 320
 264
 427
 254
 533
 175
 356
 176
 275
 197
 202
 272
 190
 290
 257
 318
 305
 247
 177
 249
 105
 315
 499
 282
 401
 254
 324
 223
 327
 222
 409
 232
 514
 298
 325
 288
 270
 261
 203
 187
 209
 182
 279
 162
 323
 224
 179
 222
 123
 242
 481
 252
 393
 251
 325
 232
 321
 240
 389
 234
 462
 265
 340
 264
 295
 263
 237
 223
 221
 212
 265
 230
 298
 260
 206
 258
 156
 162
 532
 201
 428
 220
 320
 255
 321
 265
 426
 255
 532
 176
 355
 176
 274
 199
 201
 274
 191
 291
 258
 315
 308
 249
 177
 252
 105
 314
 499
 280
 401
 252
 323
 222
 326
 219
 410
 230
 514
 295
 325
 285
 268
 259
 202
 185
 209
 180
 279
 163
 328
 222
 178
 219
 123
 241
 481
 252
 393
 250
 324
 232
 321
 240
 389
 234
 462
 264
 340
 263
 295
 263
 237
 223
 221
 213
 265
 226
 302
 260
 206
 258
 156
 164
 531
 203
 428
 222
 320
 258
 321
 267
 427
 257
 532
 178
 355
 177
 275
 201
 201
 278
 191
 294
 260
 314
 312
 252
 177
 255
 106
 313
 500
 280
 402
 253
 323
 221
 325
 216
 411
 230
 514
 293
 325
 285
 268
 258
 203
 184
 209
 179
 280
 164
 333
 221
 179
 218
 124
 242
 481
 252
 393
 250
 323
 232
 320
 240
 389
 235
 462
 264
 340
 263
 295
 264
 237
 225
 221
 214
 265
 223
 305
 261
 206
 259
 156
 165
 530
 203
 428
 223
 319
 259
 321
 268
 426
 258
 531
 179
 354
 177
 274
 202
 201
 280
 191
 294
 260
 312
 315
 253
 177
 256
 106
 312
 501
 278
 402
 252
 321
 220
 324
 214
 411
 228
 514
 291
 325
 283
 267
 257
 202
 183
 209
 177
 279
 166
 336
 220
 179
 216
 123
 241
 481
 252
 394
 248
 324
 232
 321
 240
 389
 236
 463
 264
 341
 262
 296
 264
 238
 226
 222
 214
 267
 219
 309
 261
 207
 259
 157
 167
 529
 204
 427
 224
 318
 261
 320
 270
 426
 260
 531
 180
 352
 178
 274
 204
 200
 282
 190
 296
 260
 311
 316
 255
 176
 258
 106
 311
 501
 277
 402
 252
 320
 219
 323
 212
 411
 227
 514
 290
 325
 282
 266
 255
 202
 181
 208
 176
 279
 167
 339
 219
 179
 214
 123
 241
 481
 251
 394
 247
 323
 232
 321
 241
 389
 236
 462
 263
 340
 261
 296
 264
 238
 227
 222
 214
 268
 217
 312
 261
 207
 259
 157
 167
 528
 203
 427
 224
 317
 261
 319
 270
 425
 260
 531
 180
 350
 177
 273
 204
 199
 283
 189
 296
 260
 310
 317
 255
 175
 259
 106
 310
 503
 276
 403
 252
 320
 218
 323
 210
 412
 226
 514
 289
 325
 281
 266
 254
 203
 180
 209
 175
 279
 167
 341
 218
 179
 213
 124
 239
 480
 250
 394
 245
 322
 231
 321
 240
 389
 235
 462
 263
 340
 260
 296
 263
 239
 227
 222
 214
 269
 214
 313
 260
 208
 259
 157
 168
 528
 203
 427
 225
 317
 262
 318
 271
 426
 261
 532
 180
 350
 177
 274
 204
 200
 284
 189
 296
 260
 310
 318
 255
 176
 259
 106
 310
 503
 276
 404
 252
 319
 218
 321
 210
 413
 226
 514
 289
 325
 281
 266
 254
 202
 181
 208
 175
 279
 167
 341
 218
 179
 213
 123
 239
 480
 250
 395
 244
 321
 231
 320
 240
 389
 235
 462
 263
 339
 260
 296
 263
 239
 229
 222
 214
 270
 214
 314
 260
 208
 259
 158
 168
 528
 202
 427
 225
 315
 262
 317
 272
 426
 261
 532
 180
 348
 176
 273
 203
 199
 285
 188
 296
 260
 309
 318
 256
 176
 258
 106
 310
 504
 277
 405
 254
 319
 220
 320
 211
 413
 227
 514
 291
 325
 282
 265
 255
 202
 182
 208
 177
 278
 168
 341
 220
 179
 214
 123
 239
 479
 250
 395
 243
 320
 232
 320
 241
 389
 236
 462
 263
 339
 259
 296
 263
 239
 230
 222
 215
 271
 214
 315
 261
 209
 260
 158
 168
 527
 201
 427
 225
 314
 262
 315
 272
 425
 262
 532
 180
 346
 177
 273
 203
 198
 286
 187
 296
 259
 310
 317
 256
 175
 258
 105
 310
 506
 277
 407
 253
 319
 220
 320
 211
 414
 228
 514
 291
 326
 282
 266
 256
 202
 182
 208
 177
 279
 168
 342
 220
 180
 215
 124
 238
 479
 249
 395
 241
 319
 231
 320
 240
 389
 235
 462
 263
 338
 258
 296
 263
 240
 231
 222
 214
 272
 214
 315
 260
 209
 260
 158
 167
 526
 198
 427
 223
 312
 260
 313
 272
 425
 261
 532
 178
 344
 175
 272
 201
 198
 285
 185
 295
 258
 310
 316
 255
 175
 256
 105
 310
 507
 277
 408
 252
 318
 221
 319
 212
 414
 228
 514
 292
 326
 283
 266
 256
 202
 183
 208
 178
 278
 167
 341
 221
 180
 216
 124
 237
 479
 248
 396
 239
 319
 230
 321
 240
 390
 234
 463
 263
 338
 257
 297
 262
 241
 232
 223
 214
 274
 215
 316
 259
 211
 260
 159
 167
 526
 197
 428
 223
 312
 259
 312
 272
 426
 261
 533
 177
 343
 175
 273
 200
 198
 285
 185
 294
 258
 310
 316
 255
 176
 255
 105
 311
 508
 278
 409
 252
 317
 222
 319
 213
 415
 229
 514
 294
 326
 284
 266
 257
 202
 184
 208
 179
 278
 167
 340
 222
 180
 217
 124
 236
 478
 247
 396
 238
 318
 230
 320
 240
 389
 234
 463
 263
 337
 256
 296
 262
 241
 233
 223
 214
 275
 216
 315
 259
 211
 260
 159
 166
 525
 195
 427
 222
 310
 258
 310
 272
 426
 261
 533
 176
 340
 174
 272
 198
 197
 285
 183
 293
 257
 311
 314
 254
 175
 253
 104
