  9.8269191e+001
  4.6006089e+001
  7.3964668e+001
 -1.5575567e+001
  3.0389019e+001
 -1.1698194e+002
  2.4250000e+002
  3.2021429e+002
 -2.6864655e+002
  8.7212404e+001
  1.1149114e+002
  8.2216857e+001
 -5.2557671e+001
 -2.7011330e+002
  2.2350000e+002
  3.1621429e+002
 -0.0000000e+000
 -0.0000000e+000
 -2.2293359e+002
 -0.0000000e+000
  0.0000000e+000
 -2.2293236e+002
  2.4292857e+002
  3.1742857e+002
  9.8269191e+001
  4.6006089e+001
  7.3964668e+001
 -1.5575567e+001
  3.0389019e+001
 -1.1698194e+002
  2.4221429e+002
  3.2057143e+002
 -2.6864655e+002
  8.7212404e+001
  1.1149114e+002
  8.2216857e+001
 -5.2557671e+001
 -2.7011330e+002
  2.2942857e+002
  3.2185714e+002
 -0.0000000e+000
 -0.0000000e+000
 -2.2293359e+002
 -0.0000000e+000
  0.0000000e+000
 -2.2293236e+002
  2.4478571e+002
  3.1728571e+002
  9.8269191e+001
  4.6006089e+001
  7.3964668e+001
 -1.5575567e+001
  3.0389019e+001
 -1.1698194e+002
  2.4257143e+002
  3.2028571e+002
 -2.6864655e+002
  8.7212404e+001
  1.1149114e+002
  8.2216857e+001
 -5.2557671e+001
 -2.7011330e+002
  2.3585714e+002
  3.2628571e+002
 -0.0000000e+000
 -0.0000000e+000
 -2.2293359e+002
 -0.0000000e+000
  0.0000000e+000
 -2.2293236e+002
  2.4550000e+002
  3.1821429e+002
  9.8269191e+001
  4.6006089e+001
  7.3964668e+001
 -1.5575567e+001
  3.0389019e+001
 -1.1698194e+002
  2.4114286e+002
  3.1992857e+002
 -2.6864655e+002
  8.7212404e+001
  1.1149114e+002
  8.2216857e+001
 -5.2557671e+001
 -2.7011330e+002
  2.4357143e+002
  3.2278571e+002
 -0.0000000e+000
 -0.0000000e+000
 -2.2293359e+002
 -0.0000000e+000
  0.0000000e+000
 -2.2293236e+002
  2.4692857e+002
  3.1885714e+002
  9.8269191e+001
  4.6006089e+001
  7.3964668e+001
 -1.5575567e+001
  3.0389019e+001
 -1.1698194e+002
  2.4014286e+002
  3.2042857e+002
 -2.6864655e+002
  8.7212404e+001
  1.1149114e+002
  8.2216857e+001
 -5.2557671e+001
 -2.7011330e+002
  2.5228571e+002
  3.1957143e+002
 -0.0000000e+000
 -0.0000000e+000
 -2.2293359e+002
 -0.0000000e+000
  0.0000000e+000
 -2.2293236e+002
  2.4564286e+002
  3.1978571e+002
  9.8269191e+001
  4.6006089e+001
  7.3964668e+001
 -1.5575567e+001
  3.0389019e+001
 -1.1698194e+002
  2.3814286e+002
  3.2014286e+002
 -2.6864655e+002
  8.7212404e+001
  1.1149114e+002
  8.2216857e+001
 -5.2557671e+001
 -2.7011330e+002
  2.4671429e+002
  3.1664286e+002
 -0.0000000e+000
 -0.0000000e+000
 -2.2293359e+002
 -0.0000000e+000
  0.0000000e+000
 -2.2293236e+002
  2.4364286e+002
  3.2064286e+002
  9.8269191e+001
  4.6006089e+001
  7.3964668e+001
 -1.5575567e+001
  3.0389019e+001
 -1.1698194e+002
  2.3728571e+002
  3.1985714e+002
 -2.6864655e+002
  8.7212404e+001
  1.1149114e+002
  8.2216857e+001
 -5.2557671e+001
 -2.7011330e+002
  2.3914286e+002
  3.1342857e+002
 -0.0000000e+000
 -0.0000000e+000
 -2.2293359e+002
 -0.0000000e+000
  0.0000000e+000
 -2.2293236e+002
  2.4192857e+002
  3.1978571e+002
  9.8269191e+001
  4.6006089e+001
  7.3964668e+001
 -1.5575567e+001
  3.0389019e+001
 -1.1698194e+002
  2.3885714e+002
  3.1935714e+002
 -2.6864655e+002
  8.7212404e+001
  1.1149114e+002
  8.2216857e+001
 -5.2557671e+001
 -2.7011330e+002
  2.3178571e+002
  3.0985714e+002
 -0.0000000e+000
 -0.0000000e+000
 -2.2293359e+002
 -0.0000000e+000
  0.0000000e+000
 -2.2293236e+002
  2.4021429e+002
  3.1750000e+002
  9.8269191e+001
  4.6006089e+001
  7.3964668e+001
 -1.5575567e+001
  3.0389019e+001
 -1.1698194e+002
  2.3957143e+002
  3.1950000e+002
 -2.6864655e+002
  8.7212404e+001
  1.1149114e+002
  8.2216857e+001
 -5.2557671e+001
 -2.7011330e+002
  2.2592857e+002
  3.0692857e+002
 -0.0000000e+000
 -0.0000000e+000
 -2.2293359e+002
 -0.0000000e+000
  0.0000000e+000
 -2.2293236e+002
  2.4028571e+002
  3.1557143e+002
  9.8269191e+001
  4.6006089e+001
  7.3964668e+001
 -1.5575567e+001
  3.0389019e+001
 -1.1698194e+002
  2.3935714e+002
  3.1964286e+002
 -2.6864655e+002
  8.7212404e+001
  1.1149114e+002
  8.2216857e+001
 -5.2557671e+001
 -2.7011330e+002
  2.2385714e+002
  3.0335714e+002
 -0.0000000e+000
 -0.0000000e+000
 -2.2293359e+002
 -0.0000000e+000
  0.0000000e+000
 -2.2293236e+002
  2.3757143e+002
  3.1421429e+002
  9.8269191e+001
  4.6006089e+001
  7.3964668e+001
 -1.5575567e+001
  3.0389019e+001
 -1.1698194e+002
  2.3850000e+002
  3.1971429e+002
 -2.6864655e+002
  8.7212404e+001
  1.1149114e+002
  8.2216857e+001
 -5.2557671e+001
 -2.7011330e+002
  2.2821429e+002
  3.0142857e+002
 -0.0000000e+000
 -0.0000000e+000
 -2.2293359e+002
 -0.0000000e+000
  0.0000000e+000
 -2.2293236e+002
  2.3214286e+002
  3.1364286e+002
  9.8269191e+001
  4.6006089e+001
  7.3964668e+001
 -1.5575567e+001
  3.0389019e+001
 -1.1698194e+002
  2.3764286e+002
  3.1992857e+002
 -2.6864655e+002
  8.7212404e+001
  1.1149114e+002
  8.2216857e+001
 -5.2557671e+001
 -2.7011330e+002
  2.3128571e+002
  2.9928571e+002
 -0.0000000e+000
 -0.0000000e+000
 -2.2293359e+002
 -0.0000000e+000
  0.0000000e+000
 -2.2293236e+002
  2.2807143e+002
  3.1478571e+002
  9.8269191e+001
  4.6006089e+001
  7.3964668e+001
 -1.5575567e+001
  3.0389019e+001
 -1.1698194e+002
  2.3721429e+002
  3.1957143e+002
 -2.6864655e+002
  8.7212404e+001
  1.1149114e+002
  8.2216857e+001
 -5.2557671e+001
 -2.7011330e+002
  2.3300000e+002
  2.9935714e+002
 -0.0000000e+000
 -0.0000000e+000
 -2.2293359e+002
 -0.0000000e+000
  0.0000000e+000
 -2.2293236e+002
  2.2671429e+002
  3.1514286e+002
  9.8269191e+001
  4.6006089e+001
  7.3964668e+001
 -1.5575567e+001
  3.0389019e+001
 -1.1698194e+002
  2.3921429e+002
  3.2042857e+002
 -2.6864655e+002
  8.7212404e+001
  1.1149114e+002
  8.2216857e+001
 -5.2557671e+001
 -2.7011330e+002
  2.3535714e+002
  3.0007143e+002
 -0.0000000e+000
 -0.0000000e+000
 -2.2293359e+002
 -0.0000000e+000
  0.0000000e+000
 -2.2293236e+002
  2.2671429e+002
  3.1650000e+002
  9.8269191e+001
  4.6006089e+001
  7.3964668e+001
 -1.5575567e+001
  3.0389019e+001
 -1.1698194e+002
  2.3921429e+002
  3.2007143e+002
 -2.6864655e+002
  8.7212404e+001
  1.1149114e+002
  8.2216857e+001
 -5.2557671e+001
 -2.7011330e+002
  2.3807143e+002
  3.0100000e+002
 -0.0000000e+000
 -0.0000000e+000
 -2.2293359e+002
 -0.0000000e+000
  0.0000000e+000
 -2.2293236e+002
  2.2771429e+002
  3.1814286e+002
  9.8269191e+001
  4.6006089e+001
  7.3964668e+001
 -1.5575567e+001
  3.0389019e+001
 -1.1698194e+002
  2.4092857e+002
  3.1900000e+002
 -2.6864655e+002
  8.7212404e+001
  1.1149114e+002
  8.2216857e+001
 -5.2557671e+001
 -2.7011330e+002
  2.3807143e+002
  3.0157143e+002
 -0.0000000e+000
 -0.0000000e+000
 -2.2293359e+002
 -0.0000000e+000
  0.0000000e+000
 -2.2293236e+002
  2.2757143e+002
  3.1835714e+002
  9.8269191e+001
  4.6006089e+001
  7.3964668e+001
 -1.5575567e+001
  3.0389019e+001
 -1.1698194e+002
  2.4200000e+002
  3.1850000e+002
 -2.6864655e+002
  8.7212404e+001
  1.1149114e+002
  8.2216857e+001
 -5.2557671e+001
 -2.7011330e+002
  2.3307143e+002
  3.0235714e+002
 -0.0000000e+000
 -0.0000000e+000
 -2.2293359e+002
 -0.0000000e+000
  0.0000000e+000
 -2.2293236e+002
  2.3314286e+002
  3.1850000e+002
  9.8269191e+001
  4.6006089e+001
  7.3964668e+001
 -1.5575567e+001
  3.0389019e+001
 -1.1698194e+002
  2.4364286e+002
  3.1900000e+002
 -2.6864655e+002
  8.7212404e+001
  1.1149114e+002
  8.2216857e+001
 -5.2557671e+001
 -2.7011330e+002
  2.3328571e+002
  3.0185714e+002
 -0.0000000e+000
 -0.0000000e+000
 -2.2293359e+002
 -0.0000000e+000
  0.0000000e+000
 -2.2293236e+002
  2.3692857e+002
  3.1721429e+002
  9.8269191e+001
  4.6006089e+001
  7.3964668e+001
 -1.5575567e+001
  3.0389019e+001
 -1.1698194e+002
  2.4335714e+002
  3.1807143e+002
 -2.6864655e+002
  8.7212404e+001
  1.1149114e+002
  8.2216857e+001
 -5.2557671e+001
 -2.7011330e+002
  2.4278571e+002
  3.0150000e+002
 -0.0000000e+000
 -0.0000000e+000
 -2.2293359e+002
 -0.0000000e+000
  0.0000000e+000
 -2.2293236e+002
  2.3685714e+002
  3.1600000e+002
  9.8269191e+001
  4.6006089e+001
  7.3964668e+001
 -1.5575567e+001
  3.0389019e+001
 -1.1698194e+002
  2.4307143e+002
  3.1935714e+002
 -2.6864655e+002
  8.7212404e+001
  1.1149114e+002
  8.2216857e+001
 -5.2557671e+001
 -2.7011330e+002
  2.4957143e+002
  3.0100000e+002
 -0.0000000e+000
 -0.0000000e+000
 -2.2293359e+002
 -0.0000000e+000
  0.0000000e+000
 -2.2293236e+002
  2.3478571e+002
  3.1621429e+002
  9.8269191e+001
  4.6006089e+001
  7.3964668e+001
 -1.5575567e+001
  3.0389019e+001
 -1.1698194e+002
  2.4221429e+002
  3.1985714e+002
 -2.6864655e+002
  8.7212404e+001
  1.1149114e+002
  8.2216857e+001
 -5.2557671e+001
 -2.7011330e+002
  2.4878571e+002
  3.0242857e+002
 -0.0000000e+000
 -0.0000000e+000
 -2.2293359e+002
 -0.0000000e+000
  0.0000000e+000
 -2.2293236e+002
  2.3307143e+002
  3.1435714e+002
  9.8269191e+001
  4.6006089e+001
  7.3964668e+001
 -1.5575567e+001
  3.0389019e+001
 -1.1698194e+002
  2.4150000e+002
  3.2085714e+002
 -2.6864655e+002
  8.7212404e+001
  1.1149114e+002
  8.2216857e+001
 -5.2557671e+001
 -2.7011330e+002
  2.4807143e+002
  3.0571429e+002
 -0.0000000e+000
 -0.0000000e+000
 -2.2293359e+002
 -0.0000000e+000
  0.0000000e+000
 -2.2293236e+002
  2.3685714e+002
  3.1292857e+002
  9.8269191e+001
  4.6006089e+001
  7.3964668e+001
 -1.5575567e+001
  3.0389019e+001
 -1.1698194e+002
  2.4028571e+002
  3.2192857e+002
 -2.6864655e+002
  8.7212404e+001
  1.1149114e+002
  8.2216857e+001
 -5.2557671e+001
 -2.7011330e+002
  2.4785714e+002
  3.1050000e+002
 -0.0000000e+000
 -0.0000000e+000
 -2.2293359e+002
 -0.0000000e+000
  0.0000000e+000
 -2.2293236e+002
  2.3942857e+002
  3.1342857e+002
  9.8269191e+001
  4.6006089e+001
  7.3964668e+001
 -1.5575567e+001
  3.0389019e+001
 -1.1698194e+002
  2.4135714e+002
  3.2214286e+002
 -2.6864655e+002
  8.7212404e+001
  1.1149114e+002
  8.2216857e+001
 -5.2557671e+001
 -2.7011330e+002
  2.5521429e+002
  3.1514286e+002
 -0.0000000e+000
 -0.0000000e+000
 -2.2293359e+002
 -0.0000000e+000
  0.0000000e+000
 -2.2293236e+002
  2.4257143e+002
  3.1300000e+002
  9.8269191e+001
  4.6006089e+001
  7.3964668e+001
 -1.5575567e+001
  3.0389019e+001
 -1.1698194e+002
  2.4064286e+002
  3.2278571e+002
 -2.6864655e+002
  8.7212404e+001
  1.1149114e+002
  8.2216857e+001
 -5.2557671e+001
 -2.7011330e+002
  2.6435714e+002
  3.2100000e+002
 -0.0000000e+000
 -0.0000000e+000
 -2.2293359e+002
 -0.0000000e+000
  0.0000000e+000
 -2.2293236e+002
  2.4342857e+002
  3.1414286e+002
  9.8269191e+001
  4.6006089e+001
  7.3964668e+001
 -1.5575567e+001
  3.0389019e+001
 -1.1698194e+002
  2.4064286e+002
  3.2371429e+002
 -2.6864655e+002
  8.7212404e+001
  1.1149114e+002
  8.2216857e+001
 -5.2557671e+001
 -2.7011330e+002
  2.7014286e+002
  3.2592857e+002
 -0.0000000e+000
 -0.0000000e+000
 -2.2293359e+002
 -0.0000000e+000
  0.0000000e+000
 -2.2293236e+002
  2.4371429e+002
  3.1442857e+002
  9.8269191e+001
  4.6006089e+001
  7.3964668e+001
 -1.5575567e+001
  3.0389019e+001
 -1.1698194e+002
  2.4100000e+002
  3.2092857e+002
 -2.6864655e+002
  8.7212404e+001
  1.1149114e+002
  8.2216857e+001
 -5.2557671e+001
 -2.7011330e+002
  2.7278571e+002
  3.2900000e+002
 -0.0000000e+000
 -0.0000000e+000
 -2.2293359e+002
 -0.0000000e+000
  0.0000000e+000
 -2.2293236e+002
  2.4400000e+002
  3.1521429e+002
  9.8269191e+001
  4.6006089e+001
  7.3964668e+001
 -1.5575567e+001
  3.0389019e+001
 -1.1698194e+002
  2.3964286e+002
  3.1778571e+002
 -2.6864655e+002
  8.7212404e+001
  1.1149114e+002
  8.2216857e+001
 -5.2557671e+001
 -2.7011330e+002
  2.7150000e+002
  3.3228571e+002
 -0.0000000e+000
 -0.0000000e+000
 -2.2293359e+002
 -0.0000000e+000
  0.0000000e+000
 -2.2293236e+002
  2.4457143e+002
  3.1564286e+002
  9.8269191e+001
  4.6006089e+001
  7.3964668e+001
 -1.5575567e+001
  3.0389019e+001
 -1.1698194e+002
  2.4071429e+002
  3.1471429e+002
 -2.6864655e+002
  8.7212404e+001
  1.1149114e+002
  8.2216857e+001
 -5.2557671e+001
 -2.7011330e+002
  2.6828571e+002
  3.3242857e+002
 -0.0000000e+000
 -0.0000000e+000
 -2.2293359e+002
 -0.0000000e+000
  0.0000000e+000
 -2.2293236e+002
  2.4578571e+002
  3.1571429e+002
  9.8269191e+001
  4.6006089e+001
  7.3964668e+001
 -1.5575567e+001
  3.0389019e+001
 -1.1698194e+002
  2.4114286e+002
  3.1321429e+002
 -2.6864655e+002
  8.7212404e+001
  1.1149114e+002
  8.2216857e+001
 -5.2557671e+001
 -2.7011330e+002
  2.6592857e+002
  3.3028571e+002
 -0.0000000e+000
 -0.0000000e+000
 -2.2293359e+002
 -0.0000000e+000
  0.0000000e+000
 -2.2293236e+002
  2.4735714e+002
  3.1621429e+002
  9.8269191e+001
  4.6006089e+001
  7.3964668e+001
 -1.5575567e+001
  3.0389019e+001
 -1.1698194e+002
  2.4100000e+002
  3.1085714e+002
 -2.6864655e+002
  8.7212404e+001
  1.1149114e+002
  8.2216857e+001
 -5.2557671e+001
 -2.7011330e+002
  2.6385714e+002
  3.2878571e+002
 -0.0000000e+000
 -0.0000000e+000
 -2.2293359e+002
 -0.0000000e+000
  0.0000000e+000
 -2.2293236e+002
  2.4892857e+002
  3.1621429e+002
  9.8269191e+001
  4.6006089e+001
  7.3964668e+001
 -1.5575567e+001
  3.0389019e+001
 -1.1698194e+002
  2.4192857e+002
  3.1014286e+002
 -2.6864655e+002
  8.7212404e+001
  1.1149114e+002
  8.2216857e+001
 -5.2557671e+001
 -2.7011330e+002
  2.6157143e+002
  3.2592857e+002
 -0.0000000e+000
 -0.0000000e+000
 -2.2293359e+002
 -0.0000000e+000
  0.0000000e+000
 -2.2293236e+002
  2.4957143e+002
  3.1785714e+002
  9.8269191e+001
  4.6006089e+001
  7.3964668e+001
 -1.5575567e+001
  3.0389019e+001
 -1.1698194e+002
  2.4278571e+002
  3.1121429e+002
 -2.6864655e+002
  8.7212404e+001
  1.1149114e+002
  8.2216857e+001
 -5.2557671e+001
 -2.7011330e+002
  2.6000000e+002
  3.2042857e+002
 -0.0000000e+000
 -0.0000000e+000
 -2.2293359e+002
 -0.0000000e+000
  0.0000000e+000
 -2.2293236e+002
  2.4735714e+002
  3.1764286e+002
  9.8269191e+001
  4.6006089e+001
  7.3964668e+001
 -1.5575567e+001
  3.0389019e+001
 -1.1698194e+002
  2.4350000e+002
  3.1278571e+002
 -2.6864655e+002
  8.7212404e+001
  1.1149114e+002
  8.2216857e+001
 -5.2557671e+001
 -2.7011330e+002
  2.5828571e+002
  3.1521429e+002
 -0.0000000e+000
 -0.0000000e+000
 -2.2293359e+002
 -0.0000000e+000
  0.0000000e+000
 -2.2293236e+002
  2.4350000e+002
  3.1750000e+002
  9.8269191e+001
  4.6006089e+001
  7.3964668e+001
 -1.5575567e+001
  3.0389019e+001
 -1.1698194e+002
  2.4521429e+002
  3.1364286e+002
 -2.6864655e+002
  8.7212404e+001
  1.1149114e+002
  8.2216857e+001
 -5.2557671e+001
 -2.7011330e+002
  2.5835714e+002
  3.0807143e+002
 -0.0000000e+000
 -0.0000000e+000
 -2.2293359e+002
 -0.0000000e+000
  0.0000000e+000
 -2.2293236e+002
  2.3842857e+002
  3.1635714e+002
  9.8269191e+001
  4.6006089e+001
  7.3964668e+001
 -1.5575567e+001
  3.0389019e+001
 -1.1698194e+002
  2.4607143e+002
  3.1557143e+002
 -2.6864655e+002
  8.7212404e+001
  1.1149114e+002
  8.2216857e+001
 -5.2557671e+001
 -2.7011330e+002
  2.6014286e+002
  3.0357143e+002
 -0.0000000e+000
 -0.0000000e+000
 -2.2293359e+002
 -0.0000000e+000
  0.0000000e+000
 -2.2293236e+002
  2.3485714e+002
  3.1642857e+002
  9.8269191e+001
  4.6006089e+001
  7.3964668e+001
 -1.5575567e+001
  3.0389019e+001
 -1.1698194e+002
  2.4714286e+002
  3.1507143e+002
 -2.6864655e+002
  8.7212404e+001
  1.1149114e+002
  8.2216857e+001
 -5.2557671e+001
 -2.7011330e+002
  2.6221429e+002
  3.0314286e+002
 -0.0000000e+000
 -0.0000000e+000
 -2.2293359e+002
 -0.0000000e+000
  0.0000000e+000
 -2.2293236e+002
  2.3321429e+002
  3.1635714e+002
  9.8269191e+001
  4.6006089e+001
  7.3964668e+001
 -1.5575567e+001
  3.0389019e+001
 -1.1698194e+002
  2.4807143e+002
  3.1514286e+002
 -2.6864655e+002
  8.7212404e+001
  1.1149114e+002
  8.2216857e+001
 -5.2557671e+001
 -2.7011330e+002
  2.6421429e+002
  3.0721429e+002
 -0.0000000e+000
 -0.0000000e+000
 -2.2293359e+002
 -0.0000000e+000
  0.0000000e+000
 -2.2293236e+002
  2.3042857e+002
  3.1592857e+002
  9.8269191e+001
  4.6006089e+001
  7.3964668e+001
 -1.5575567e+001
  3.0389019e+001
 -1.1698194e+002
  2.4764286e+002
  3.1585714e+002
 -2.6864655e+002
  8.7212404e+001
  1.1149114e+002
  8.2216857e+001
 -5.2557671e+001
 -2.7011330e+002
  2.6292857e+002
  3.1085714e+002
 -0.0000000e+000
 -0.0000000e+000
 -2.2293359e+002
 -0.0000000e+000
  0.0000000e+000
 -2.2293236e+002
  2.2521429e+002
  3.1742857e+002
  9.8269191e+001
  4.6006089e+001
  7.3964668e+001
 -1.5575567e+001
  3.0389019e+001
 -1.1698194e+002
  2.4757143e+002
  3.1678571e+002
 -2.6864655e+002
  8.7212404e+001
  1.1149114e+002
  8.2216857e+001
 -5.2557671e+001
 -2.7011330e+002
  2.6357143e+002
  3.1442857e+002
 -0.0000000e+000
 -0.0000000e+000
 -2.2293359e+002
 -0.0000000e+000
  0.0000000e+000
 -2.2293236e+002
  2.2457143e+002
  3.1842857e+002
  9.8269191e+001
  4.6006089e+001
  7.3964668e+001
 -1.5575567e+001
  3.0389019e+001
 -1.1698194e+002
  2.4600000e+002
  3.1828571e+002
 -2.6864655e+002
  8.7212404e+001
  1.1149114e+002
  8.2216857e+001
 -5.2557671e+001
 -2.7011330e+002
  2.6221429e+002
  3.1657143e+002
 -0.0000000e+000
 -0.0000000e+000
 -2.2293359e+002
 -0.0000000e+000
  0.0000000e+000
 -2.2293236e+002
  2.2450000e+002
  3.1971429e+002
  9.8269191e+001
  4.6006089e+001
  7.3964668e+001
 -1.5575567e+001
  3.0389019e+001
 -1.1698194e+002
  2.4471429e+002
  3.2121429e+002
 -2.6864655e+002
  8.7212404e+001
  1.1149114e+002
  8.2216857e+001
 -5.2557671e+001
 -2.7011330e+002
  2.6000000e+002
  3.1892857e+002
 -0.0000000e+000
 -0.0000000e+000
 -2.2293359e+002
 -0.0000000e+000
  0.0000000e+000
 -2.2293236e+002
  2.2342857e+002
  3.2014286e+002
  9.8269191e+001
  4.6006089e+001
  7.3964668e+001
 -1.5575567e+001
  3.0389019e+001
 -1.1698194e+002
  2.4392857e+002
  3.2328571e+002
 -2.6864655e+002
  8.7212404e+001
  1.1149114e+002
  8.2216857e+001
 -5.2557671e+001
 -2.7011330e+002
  2.5721429e+002
  3.2235714e+002
 -0.0000000e+000
 -0.0000000e+000
 -2.2293359e+002
 -0.0000000e+000
  0.0000000e+000
 -2.2293236e+002
  2.2171429e+002
  3.2178571e+002
  9.8269191e+001
  4.6006089e+001
  7.3964668e+001
 -1.5575567e+001
  3.0389019e+001
 -1.1698194e+002
  2.4307143e+002
  3.2250000e+002
 -2.6864655e+002
  8.7212404e+001
  1.1149114e+002
  8.2216857e+001
 -5.2557671e+001
 -2.7011330e+002
  2.5300000e+002
  3.2357143e+002
 -0.0000000e+000
 -0.0000000e+000
 -2.2293359e+002
 -0.0000000e+000
  0.0000000e+000
 -2.2293236e+002
  2.1628571e+002
  3.2164286e+002
  9.8269191e+001
  4.6006089e+001
  7.3964668e+001
 -1.5575567e+001
  3.0389019e+001
 -1.1698194e+002
  2.4085714e+002
  3.2071429e+002
 -2.6864655e+002
  8.7212404e+001
  1.1149114e+002
  8.2216857e+001
 -5.2557671e+001
 -2.7011330e+002
  2.4714286e+002
  3.2078571e+002
 -0.0000000e+000
 -0.0000000e+000
 -2.2293359e+002
 -0.0000000e+000
  0.0000000e+000
 -2.2293236e+002
  2.1114286e+002
  3.2278571e+002
  9.8269191e+001
  4.6006089e+001
  7.3964668e+001
 -1.5575567e+001
  3.0389019e+001
 -1.1698194e+002
  2.4214286e+002
  3.1814286e+002
 -2.6864655e+002
  8.7212404e+001
  1.1149114e+002
  8.2216857e+001
 -5.2557671e+001
 -2.7011330e+002
  2.4021429e+002
  3.1557143e+002
 -0.0000000e+000
 -0.0000000e+000
 -2.2293359e+002
 -0.0000000e+000
  0.0000000e+000
 -2.2293236e+002
  2.0350000e+002
  3.2257143e+002
  9.8269191e+001
  4.6006089e+001
  7.3964668e+001
 -1.5575567e+001
  3.0389019e+001
 -1.1698194e+002
  2.4407143e+002
  3.1657143e+002
 -2.6864655e+002
  8.7212404e+001
  1.1149114e+002
  8.2216857e+001
 -5.2557671e+001
 -2.7011330e+002
  2.3428571e+002
  3.1057143e+002
 -0.0000000e+000
 -0.0000000e+000
 -2.2293359e+002
 -0.0000000e+000
  0.0000000e+000
 -2.2293236e+002
  1.9650000e+002
  3.2450000e+002
  9.8269191e+001
  4.6006089e+001
  7.3964668e+001
 -1.5575567e+001
  3.0389019e+001
 -1.1698194e+002
  2.4478571e+002
  3.1700000e+002
 -2.6864655e+002
  8.7212404e+001
  1.1149114e+002
  8.2216857e+001
 -5.2557671e+001
 -2.7011330e+002
  2.2971429e+002
  3.0971429e+002
 -0.0000000e+000
 -0.0000000e+000
 -2.2293359e+002
 -0.0000000e+000
  0.0000000e+000
 -2.2293236e+002
  1.9207143e+002
  3.2214286e+002
  9.8269191e+001
  4.6006089e+001
  7.3964668e+001
 -1.5575567e+001
  3.0389019e+001
 -1.1698194e+002
  2.4457143e+002
  3.1800000e+002
 -2.6864655e+002
  8.7212404e+001
  1.1149114e+002
  8.2216857e+001
 -5.2557671e+001
 -2.7011330e+002
  2.2821429e+002
  3.1242857e+002
 -0.0000000e+000
 -0.0000000e+000
 -2.2293359e+002
 -0.0000000e+000
  0.0000000e+000
 -2.2293236e+002
  1.9542857e+002
  3.2157143e+002
  9.8269191e+001
  4.6006089e+001
  7.3964668e+001
 -1.5575567e+001
  3.0389019e+001
 -1.1698194e+002
  2.4135714e+002
  3.1757143e+002
 -2.6864655e+002
  8.7212404e+001
  1.1149114e+002
  8.2216857e+001
 -5.2557671e+001
 -2.7011330e+002
  2.3142857e+002
  3.1735714e+002
 -0.0000000e+000
 -0.0000000e+000
 -2.2293359e+002
 -0.0000000e+000
  0.0000000e+000
 -2.2293236e+002
  2.0742857e+002
  3.2314286e+002
  9.8269191e+001
  4.6006089e+001
  7.3964668e+001
 -1.5575567e+001
  3.0389019e+001
 -1.1698194e+002
  2.3635714e+002
  3.1921429e+002
 -2.6864655e+002
  8.7212404e+001
  1.1149114e+002
  8.2216857e+001
 -5.2557671e+001
 -2.7011330e+002
  2.3907143e+002
  3.2328571e+002
 -0.0000000e+000
 -0.0000000e+000
 -2.2293359e+002
 -0.0000000e+000
  0.0000000e+000
 -2.2293236e+002
  2.2200000e+002
  3.2542857e+002
  9.8269191e+001
  4.6006089e+001
  7.3964668e+001
 -1.5575567e+001
  3.0389019e+001
 -1.1698194e+002
  2.3514286e+002
  3.1985714e+002
 -2.6864655e+002
  8.7212404e+001
  1.1149114e+002
  8.2216857e+001
 -5.2557671e+001
 -2.7011330e+002
  2.4407143e+002
  3.2742857e+002
 -0.0000000e+000
 -0.0000000e+000
 -2.2293359e+002
 -0.0000000e+000
  0.0000000e+000
 -2.2293236e+002
  2.2942857e+002
  3.2557143e+002
  9.8269191e+001
  4.6006089e+001
  7.3964668e+001
 -1.5575567e+001
  3.0389019e+001
 -1.1698194e+002
  2.3735714e+002
  3.1707143e+002
 -2.6864655e+002
  8.7212404e+001
  1.1149114e+002
  8.2216857e+001
 -5.2557671e+001
 -2.7011330e+002
  2.4321429e+002
  3.2785714e+002
 -0.0000000e+000
 -0.0000000e+000
 -2.2293359e+002
 -0.0000000e+000
  0.0000000e+000
 -2.2293236e+002
  2.2564286e+002
  3.2264286e+002
  9.8269191e+001
  4.6006089e+001
  7.3964668e+001
 -1.5575567e+001
  3.0389019e+001
 -1.1698194e+002
  2.3814286e+002
  3.1407143e+002
 -2.6864655e+002
  8.7212404e+001
  1.1149114e+002
  8.2216857e+001
 -5.2557671e+001
 -2.7011330e+002
  2.3364286e+002
  3.2585714e+002
 -0.0000000e+000
 -0.0000000e+000
 -2.2293359e+002
 -0.0000000e+000
  0.0000000e+000
 -2.2293236e+002
  2.2000000e+002
  3.2164286e+002
  9.8269191e+001
  4.6006089e+001
  7.3964668e+001
 -1.5575567e+001
  3.0389019e+001
 -1.1698194e+002
  2.4028571e+002
  3.1278571e+002
 -2.6864655e+002
  8.7212404e+001
  1.1149114e+002
  8.2216857e+001
 -5.2557671e+001
 -2.7011330e+002
  2.3057143e+002
  3.1785714e+002
 -0.0000000e+000
 -0.0000000e+000
 -2.2293359e+002
 -0.0000000e+000
  0.0000000e+000
 -2.2293236e+002
  2.0978571e+002
  3.2350000e+002
  9.8269191e+001
  4.6006089e+001
  7.3964668e+001
 -1.5575567e+001
  3.0389019e+001
 -1.1698194e+002
  2.4357143e+002
  3.1478571e+002
 -2.6864655e+002
  8.7212404e+001
  1.1149114e+002
  8.2216857e+001
 -5.2557671e+001
 -2.7011330e+002
  2.3157143e+002
  3.0828571e+002
 -0.0000000e+000
 -0.0000000e+000
 -2.2293359e+002
 -0.0000000e+000
  0.0000000e+000
 -2.2293236e+002
  1.9814286e+002
  3.2664286e+002
  9.8269191e+001
  4.6006089e+001
  7.3964668e+001
 -1.5575567e+001
  3.0389019e+001
 -1.1698194e+002
  2.4471429e+002
  3.1850000e+002
 -2.6864655e+002
  8.7212404e+001
  1.1149114e+002
  8.2216857e+001
 -5.2557671e+001
 -2.7011330e+002
  2.3264286e+002
  3.0028571e+002
 -0.0000000e+000
 -0.0000000e+000
 -2.2293359e+002
 -0.0000000e+000
  0.0000000e+000
 -2.2293236e+002
  1.8792857e+002
  3.3335714e+002
  9.8269191e+001
  4.6006089e+001
  7.3964668e+001
 -1.5575567e+001
  3.0389019e+001
 -1.1698194e+002
  2.4471429e+002
  3.2021429e+002
 -2.6864655e+002
  8.7212404e+001
  1.1149114e+002
  8.2216857e+001
 -5.2557671e+001
 -2.7011330e+002
  2.3600000e+002
  2.9857143e+002
 -0.0000000e+000
 -0.0000000e+000
 -2.2293359e+002
 -0.0000000e+000
  0.0000000e+000
 -2.2293236e+002
  1.8050000e+002
  3.3714286e+002
  9.8269191e+001
  4.6006089e+001
  7.3964668e+001
 -1.5575567e+001
  3.0389019e+001
 -1.1698194e+002
  2.4307143e+002
  3.1735714e+002
 -2.6864655e+002
  8.7212404e+001
  1.1149114e+002
  8.2216857e+001
 -5.2557671e+001
 -2.7011330e+002
  2.4335714e+002
  2.9971429e+002
 -0.0000000e+000
 -0.0000000e+000
 -2.2293359e+002
 -0.0000000e+000
  0.0000000e+000
 -2.2293236e+002
  1.9550000e+002
  3.3264286e+002
  9.8269191e+001
  4.6006089e+001
  7.3964668e+001
 -1.5575567e+001
  3.0389019e+001
 -1.1698194e+002
  2.3935714e+002
  3.1285714e+002
 -2.6864655e+002
  8.7212404e+001
  1.1149114e+002
  8.2216857e+001
 -5.2557671e+001
 -2.7011330e+002
  2.5578571e+002
  2.9914286e+002
 -0.0000000e+000
 -0.0000000e+000
 -2.2293359e+002
 -0.0000000e+000
  0.0000000e+000
 -2.2293236e+002
  2.1321429e+002
  3.2628571e+002
  9.8269191e+001
  4.6006089e+001
  7.3964668e+001
 -1.5575567e+001
  3.0389019e+001
 -1.1698194e+002
  2.3821429e+002
  3.0828571e+002
 -2.6864655e+002
  8.7212404e+001
  1.1149114e+002
  8.2216857e+001
 -5.2557671e+001
 -2.7011330e+002
  2.6850000e+002
  2.9971429e+002
 -0.0000000e+000
 -0.0000000e+000
 -2.2293359e+002
 -0.0000000e+000
  0.0000000e+000
 -2.2293236e+002
  2.2985714e+002
  3.2150000e+002
  9.8269191e+001
  4.6006089e+001
  7.3964668e+001
 -1.5575567e+001
  3.0389019e+001
 -1.1698194e+002
  2.4378571e+002
  3.0664286e+002
 -2.6864655e+002
  8.7212404e+001
  1.1149114e+002
  8.2216857e+001
 -5.2557671e+001
 -2.7011330e+002
  2.6914286e+002
  3.0607143e+002
 -0.0000000e+000
 -0.0000000e+000
 -2.2293359e+002
 -0.0000000e+000
  0.0000000e+000
 -2.2293236e+002
  2.2400000e+002
  3.2164286e+002
  9.8269191e+001
  4.6006089e+001
  7.3964668e+001
 -1.5575567e+001
  3.0389019e+001
 -1.1698194e+002
  2.4792857e+002
  3.0607143e+002
 -2.6864655e+002
  8.7212404e+001
  1.1149114e+002
  8.2216857e+001
 -5.2557671e+001
 -2.7011330e+002
  2.6921429e+002
  3.1450000e+002
 -0.0000000e+000
 -0.0000000e+000
 -2.2293359e+002
 -0.0000000e+000
  0.0000000e+000
 -2.2293236e+002
  2.1828571e+002
  3.2114286e+002
  9.8269191e+001
  4.6006089e+001
  7.3964668e+001
 -1.5575567e+001
  3.0389019e+001
 -1.1698194e+002
  2.5200000e+002
  3.0978571e+002
 -2.6864655e+002
  8.7212404e+001
  1.1149114e+002
  8.2216857e+001
 -5.2557671e+001
 -2.7011330e+002
  2.6892857e+002
  3.2657143e+002
 -0.0000000e+000
 -0.0000000e+000
 -2.2293359e+002
 -0.0000000e+000
  0.0000000e+000
 -2.2293236e+002
  2.1285714e+002
  3.1871429e+002
  9.8269191e+001
  4.6006089e+001
  7.3964668e+001
 -1.5575567e+001
  3.0389019e+001
 -1.1698194e+002
  2.5400000e+002
  3.1371429e+002
 -2.6864655e+002
  8.7212404e+001
  1.1149114e+002
  8.2216857e+001
 -5.2557671e+001
 -2.7011330e+002
  2.6650000e+002
  3.1878571e+002
 -0.0000000e+000
 -0.0000000e+000
 -2.2293359e+002
 -0.0000000e+000
  0.0000000e+000
 -2.2293236e+002
  2.1000000e+002
  3.1414286e+002
  9.8269191e+001
  4.6006089e+001
  7.3964668e+001
 -1.5575567e+001
  3.0389019e+001
 -1.1698194e+002
  2.5107143e+002
  3.1657143e+002
 -2.6864655e+002
  8.7212404e+001
  1.1149114e+002
  8.2216857e+001
 -5.2557671e+001
 -2.7011330e+002
  2.6328571e+002
  3.1528571e+002
 -0.0000000e+000
 -0.0000000e+000
 -2.2293359e+002
 -0.0000000e+000
  0.0000000e+000
 -2.2293236e+002
  2.1014286e+002
  3.1278571e+002
  9.8269191e+001
  4.6006089e+001
  7.3964668e+001
 -1.5575567e+001
  3.0389019e+001
 -1.1698194e+002
  2.4935714e+002
  3.1414286e+002
 -2.6864655e+002
  8.7212404e+001
  1.1149114e+002
  8.2216857e+001
 -5.2557671e+001
 -2.7011330e+002
  2.4592857e+002
  3.1942857e+002
 -0.0000000e+000
 -0.0000000e+000
 -2.2293359e+002
 -0.0000000e+000
  0.0000000e+000
 -2.2293236e+002
  2.1407143e+002
  3.1892857e+002
  9.8269191e+001
  4.6006089e+001
  7.3964668e+001
 -1.5575567e+001
  3.0389019e+001
 -1.1698194e+002
  2.4707143e+002
  3.1235714e+002
 -2.6864655e+002
  8.7212404e+001
  1.1149114e+002
  8.2216857e+001
 -5.2557671e+001
 -2.7011330e+002
  2.4428571e+002
  3.2585714e+002
 -0.0000000e+000
 -0.0000000e+000
 -2.2293359e+002
 -0.0000000e+000
  0.0000000e+000
 -2.2293236e+002
  2.1621429e+002
  3.2392857e+002
  9.8269191e+001
  4.6006089e+001
  7.3964668e+001
 -1.5575567e+001
  3.0389019e+001
 -1.1698194e+002
  2.4221429e+002
  3.1685714e+002
 -2.6864655e+002
  8.7212404e+001
  1.1149114e+002
  8.2216857e+001
 -5.2557671e+001
 -2.7011330e+002
  2.5035714e+002
  3.1950000e+002
 -0.0000000e+000
 -0.0000000e+000
 -2.2293359e+002
 -0.0000000e+000
  0.0000000e+000
 -2.2293236e+002
  2.3407143e+002
  3.2835714e+002
  9.8269191e+001
  4.6006089e+001
  7.3964668e+001
 -1.5575567e+001
  3.0389019e+001
 -1.1698194e+002
  2.3757143e+002
  3.2257143e+002
 -2.6864655e+002
  8.7212404e+001
  1.1149114e+002
  8.2216857e+001
 -5.2557671e+001
 -2.7011330e+002
  2.5300000e+002
  3.1314286e+002
 -0.0000000e+000
 -0.0000000e+000
 -2.2293359e+002
 -0.0000000e+000
  0.0000000e+000
 -2.2293236e+002
  2.4657143e+002
  3.2528571e+002
  9.8269191e+001
  4.6006089e+001
  7.3964668e+001
 -1.5575567e+001
  3.0389019e+001
 -1.1698194e+002
  2.3471429e+002
  3.2650000e+002
 -2.6864655e+002
  8.7212404e+001
  1.1149114e+002
  8.2216857e+001
 -5.2557671e+001
 -2.7011330e+002
  2.4857143e+002
  3.0842857e+002
 -0.0000000e+000
 -0.0000000e+000
 -2.2293359e+002
 -0.0000000e+000
  0.0000000e+000
 -2.2293236e+002
  2.4064286e+002
  3.2414286e+002
  9.8269191e+001
  4.6006089e+001
  7.3964668e+001
 -1.5575567e+001
  3.0389019e+001
 -1.1698194e+002
  2.3700000e+002
  3.2657143e+002
 -2.6864655e+002
  8.7212404e+001
  1.1149114e+002
  8.2216857e+001
 -5.2557671e+001
 -2.7011330e+002
  2.4028571e+002
  3.0892857e+002
 -0.0000000e+000
 -0.0000000e+000
 -2.2293359e+002
 -0.0000000e+000
  0.0000000e+000
 -2.2293236e+002
  2.3621429e+002
  3.2657143e+002
  9.8269191e+001
  4.6006089e+001
  7.3964668e+001
 -1.5575567e+001
  3.0389019e+001
 -1.1698194e+002
  2.3978571e+002
  3.2207143e+002
 -2.6864655e+002
  8.7212404e+001
  1.1149114e+002
  8.2216857e+001
 -5.2557671e+001
 -2.7011330e+002
  2.3092857e+002
  3.0964286e+002
 -0.0000000e+000
 -0.0000000e+000
 -2.2293359e+002
 -0.0000000e+000
  0.0000000e+000
 -2.2293236e+002
  2.4964286e+002
  3.2835714e+002
  9.8269191e+001
  4.6006089e+001
  7.3964668e+001
 -1.5575567e+001
  3.0389019e+001
 -1.1698194e+002
  2.4200000e+002
  3.1521429e+002
 -2.6864655e+002
  8.7212404e+001
  1.1149114e+002
  8.2216857e+001
 -5.2557671e+001
 -2.7011330e+002
  2.2878571e+002
  3.0835714e+002
 -0.0000000e+000
 -0.0000000e+000
 -2.2293359e+002
 -0.0000000e+000
  0.0000000e+000
 -2.2293236e+002
  2.5207143e+002
  3.2214286e+002
  9.8269191e+001
  4.6006089e+001
  7.3964668e+001
 -1.5575567e+001
  3.0389019e+001
 -1.1698194e+002
  2.4350000e+002
  3.1078571e+002
 -2.6864655e+002
  8.7212404e+001
  1.1149114e+002
  8.2216857e+001
 -5.2557671e+001
 -2.7011330e+002
  2.1800000e+002
  3.0771429e+002
 -0.0000000e+000
 -0.0000000e+000
 -2.2293359e+002
 -0.0000000e+000
  0.0000000e+000
 -2.2293236e+002
  2.5050000e+002
  3.1300000e+002
  9.8269191e+001
  4.6006089e+001
  7.3964668e+001
 -1.5575567e+001
  3.0389019e+001
 -1.1698194e+002
  2.4264286e+002
  3.0785714e+002
 -2.6864655e+002
  8.7212404e+001
  1.1149114e+002
  8.2216857e+001
 -5.2557671e+001
 -2.7011330e+002
  2.1257143e+002
  3.0485714e+002
 -0.0000000e+000
 -0.0000000e+000
 -2.2293359e+002
 -0.0000000e+000
  0.0000000e+000
 -2.2293236e+002
  2.4864286e+002
  3.0292857e+002
  9.8269191e+001
  4.6006089e+001
  7.3964668e+001
 -1.5575567e+001
  3.0389019e+001
 -1.1698194e+002
  2.4271429e+002
  3.0385714e+002
 -2.6864655e+002
  8.7212404e+001
  1.1149114e+002
  8.2216857e+001
 -5.2557671e+001
 -2.7011330e+002
  2.1292857e+002
  3.0128571e+002
 -0.0000000e+000
 -0.0000000e+000
 -2.2293359e+002
 -0.0000000e+000
  0.0000000e+000
 -2.2293236e+002
  2.4842857e+002
  2.9164286e+002
  9.8269191e+001
  4.6006089e+001
  7.3964668e+001
 -1.5575567e+001
  3.0389019e+001
 -1.1698194e+002
  2.4128571e+002
  3.0178571e+002
 -2.6864655e+002
  8.7212404e+001
  1.1149114e+002
  8.2216857e+001
 -5.2557671e+001
 -2.7011330e+002
  2.1542857e+002
  3.0285714e+002
 -0.0000000e+000
 -0.0000000e+000
 -2.2293359e+002
 -0.0000000e+000
  0.0000000e+000
 -2.2293236e+002
  2.4992857e+002
  2.7535714e+002
  9.8269191e+001
  4.6006089e+001
  7.3964668e+001
 -1.5575567e+001
  3.0389019e+001
 -1.1698194e+002
  2.4071429e+002
  3.0107143e+002
 -2.6864655e+002
  8.7212404e+001
  1.1149114e+002
  8.2216857e+001
 -5.2557671e+001
 -2.7011330e+002
  2.1607143e+002
  2.9950000e+002
 -0.0000000e+000
 -0.0000000e+000
 -2.2293359e+002
 -0.0000000e+000
  0.0000000e+000
 -2.2293236e+002
  2.6014286e+002
  2.6150000e+002
  9.8269191e+001
  4.6006089e+001
  7.3964668e+001
 -1.5575567e+001
  3.0389019e+001
 -1.1698194e+002
  2.3971429e+002
  3.0185714e+002
 -2.6864655e+002
  8.7212404e+001
  1.1149114e+002
  8.2216857e+001
 -5.2557671e+001
 -2.7011330e+002
  2.1935714e+002
  2.9650000e+002
 -0.0000000e+000
 -0.0000000e+000
 -2.2293359e+002
 -0.0000000e+000
  0.0000000e+000
 -2.2293236e+002
  2.6178571e+002
  2.5500000e+002
  9.8269191e+001
  4.6006089e+001
  7.3964668e+001
 -1.5575567e+001
  3.0389019e+001
 -1.1698194e+002
  2.4157143e+002
  3.0192857e+002
 -2.6864655e+002
  8.7212404e+001
  1.1149114e+002
  8.2216857e+001
 -5.2557671e+001
 -2.7011330e+002
  2.2285714e+002
  2.9564286e+002
 -0.0000000e+000
 -0.0000000e+000
 -2.2293359e+002
 -0.0000000e+000
  0.0000000e+000
 -2.2293236e+002
  2.5528571e+002
  2.5564286e+002
  9.8269191e+001
  4.6006089e+001
  7.3964668e+001
 -1.5575567e+001
  3.0389019e+001
 -1.1698194e+002
  2.4900000e+002
  3.0257143e+002
 -2.6864655e+002
  8.7212404e+001
  1.1149114e+002
  8.2216857e+001
 -5.2557671e+001
 -2.7011330e+002
  2.3342857e+002
  2.9707143e+002
 -0.0000000e+000
 -0.0000000e+000
 -2.2293359e+002
 -0.0000000e+000
  0.0000000e+000
 -2.2293236e+002
  2.4800000e+002
  2.6085714e+002
  9.8269191e+001
  4.6006089e+001
  7.3964668e+001
 -1.5575567e+001
  3.0389019e+001
 -1.1698194e+002
  2.5142857e+002
  3.0192857e+002
 -2.6864655e+002
  8.7212404e+001
  1.1149114e+002
  8.2216857e+001
 -5.2557671e+001
 -2.7011330e+002
  2.4171429e+002
  2.9807143e+002
 -0.0000000e+000
 -0.0000000e+000
 -2.2293359e+002
 -0.0000000e+000
  0.0000000e+000
 -2.2293236e+002
  2.4421429e+002
  2.7021429e+002
  9.8269191e+001
  4.6006089e+001
  7.3964668e+001
 -1.5575567e+001
  3.0389019e+001
 -1.1698194e+002
  2.5000000e+002
  3.0307143e+002
 -2.6864655e+002
  8.7212404e+001
  1.1149114e+002
  8.2216857e+001
 -5.2557671e+001
 -2.7011330e+002
  2.4271429e+002
  3.0100000e+002
 -0.0000000e+000
 -0.0000000e+000
 -2.2293359e+002
 -0.0000000e+000
  0.0000000e+000
 -2.2293236e+002
  2.4521429e+002
  2.8350000e+002
  9.8269191e+001
  4.6006089e+001
  7.3964668e+001
 -1.5575567e+001
  3.0389019e+001
 -1.1698194e+002
  2.4914286e+002
  3.0421429e+002
 -2.6864655e+002
  8.7212404e+001
  1.1149114e+002
  8.2216857e+001
 -5.2557671e+001
 -2.7011330e+002
  2.3921429e+002
  3.0264286e+002
 -0.0000000e+000
 -0.0000000e+000
 -2.2293359e+002
 -0.0000000e+000
  0.0000000e+000
 -2.2293236e+002
  2.5021429e+002
  2.8871429e+002
  9.8269191e+001
  4.6006089e+001
  7.3964668e+001
 -1.5575567e+001
  3.0389019e+001
 -1.1698194e+002
  2.4757143e+002
  3.0814286e+002
 -2.6864655e+002
  8.7212404e+001
  1.1149114e+002
  8.2216857e+001
 -5.2557671e+001
 -2.7011330e+002
  2.4300000e+002
  3.0378571e+002
 -0.0000000e+000
 -0.0000000e+000
 -2.2293359e+002
 -0.0000000e+000
  0.0000000e+000
 -2.2293236e+002
  2.5871429e+002
  2.9471429e+002
  9.8269191e+001
  4.6006089e+001
  7.3964668e+001
 -1.5575567e+001
  3.0389019e+001
 -1.1698194e+002
  2.4714286e+002
  3.1335714e+002
 -2.6864655e+002
  8.7212404e+001
  1.1149114e+002
  8.2216857e+001
 -5.2557671e+001
 -2.7011330e+002
  2.4807143e+002
  3.0385714e+002
 -0.0000000e+000
 -0.0000000e+000
 -2.2293359e+002
 -0.0000000e+000
  0.0000000e+000
 -2.2293236e+002
  2.5942857e+002
  3.0014286e+002
  9.8269191e+001
  4.6006089e+001
  7.3964668e+001
 -1.5575567e+001
  3.0389019e+001
 -1.1698194e+002
  2.4235714e+002
  3.1807143e+002
 -2.6864655e+002
  8.7212404e+001
  1.1149114e+002
  8.2216857e+001
 -5.2557671e+001
 -2.7011330e+002
  2.5450000e+002
  3.0478571e+002
 -0.0000000e+000
 -0.0000000e+000
 -2.2293359e+002
 -0.0000000e+000
  0.0000000e+000
 -2.2293236e+002
  2.5350000e+002
  3.0514286e+002
  9.8269191e+001
  4.6006089e+001
  7.3964668e+001
 -1.5575567e+001
  3.0389019e+001
 -1.1698194e+002
  2.4064286e+002
  3.2185714e+002
 -2.6864655e+002
  8.7212404e+001
  1.1149114e+002
  8.2216857e+001
 -5.2557671e+001
 -2.7011330e+002
  2.6650000e+002
  3.0657143e+002
 -0.0000000e+000
 -0.0000000e+000
 -2.2293359e+002
 -0.0000000e+000
  0.0000000e+000
 -2.2293236e+002
  2.5028571e+002
  3.1035714e+002
  9.8269191e+001
  4.6006089e+001
  7.3964668e+001
 -1.5575567e+001
  3.0389019e+001
 -1.1698194e+002
  2.4221429e+002
  3.1671429e+002
 -2.6864655e+002
  8.7212404e+001
  1.1149114e+002
  8.2216857e+001
 -5.2557671e+001
 -2.7011330e+002
  2.7021429e+002
  3.0778571e+002
 -0.0000000e+000
 -0.0000000e+000
 -2.2293359e+002
 -0.0000000e+000
  0.0000000e+000
 -2.2293236e+002
  2.5271429e+002
  3.1300000e+002
  9.8269191e+001
  4.6006089e+001
  7.3964668e+001
 -1.5575567e+001
  3.0389019e+001
 -1.1698194e+002
  2.3942857e+002
  3.0964286e+002
 -2.6864655e+002
  8.7212404e+001
  1.1149114e+002
  8.2216857e+001
 -5.2557671e+001
 -2.7011330e+002
  2.7192857e+002
  3.0721429e+002
 -0.0000000e+000
 -0.0000000e+000
 -2.2293359e+002
 -0.0000000e+000
  0.0000000e+000
 -2.2293236e+002
  2.6242857e+002
  3.1192857e+002
  9.8269191e+001
  4.6006089e+001
  7.3964668e+001
 -1.5575567e+001
  3.0389019e+001
 -1.1698194e+002
  2.3471429e+002
  3.0342857e+002
 -2.6864655e+002
  8.7212404e+001
  1.1149114e+002
  8.2216857e+001
 -5.2557671e+001
 -2.7011330e+002
  2.6550000e+002
  3.0664286e+002
 -0.0000000e+000
 -0.0000000e+000
 -2.2293359e+002
 -0.0000000e+000
  0.0000000e+000
 -2.2293236e+002
  2.5142857e+002
  3.0985714e+002
  9.8269191e+001
  4.6006089e+001
  7.3964668e+001
 -1.5575567e+001
  3.0389019e+001
 -1.1698194e+002
  2.2742857e+002
  3.0257143e+002
 -2.6864655e+002
  8.7212404e+001
  1.1149114e+002
  8.2216857e+001
 -5.2557671e+001
 -2.7011330e+002
  2.6464286e+002
  3.0214286e+002
 -0.0000000e+000
 -0.0000000e+000
 -2.2293359e+002
 -0.0000000e+000
  0.0000000e+000
 -2.2293236e+002
  2.2728571e+002
  3.0642857e+002
  9.8269191e+001
  4.6006089e+001
  7.3964668e+001
 -1.5575567e+001
  3.0389019e+001
 -1.1698194e+002
  2.2121429e+002
  3.0571429e+002
 -2.6864655e+002
  8.7212404e+001
  1.1149114e+002
  8.2216857e+001
 -5.2557671e+001
 -2.7011330e+002
  2.5271429e+002
  3.0507143e+002
 -0.0000000e+000
 -0.0000000e+000
 -2.2293359e+002
 -0.0000000e+000
  0.0000000e+000
 -2.2293236e+002
  2.0485714e+002
  3.0107143e+002
  9.8269191e+001
  4.6006089e+001
  7.3964668e+001
 -1.5575567e+001
  3.0389019e+001
 -1.1698194e+002
  2.1600000e+002
  3.1235714e+002
 -2.6864655e+002
  8.7212404e+001
  1.1149114e+002
  8.2216857e+001
 -5.2557671e+001
 -2.7011330e+002
  2.3200000e+002
  3.1121429e+002
 -0.0000000e+000
 -0.0000000e+000
 -2.2293359e+002
 -0.0000000e+000
  0.0000000e+000
 -2.2293236e+002
  1.9321429e+002
  2.9714286e+002
  9.8269191e+001
  4.6006089e+001
  7.3964668e+001
 -1.5575567e+001
  3.0389019e+001
 -1.1698194e+002
  2.2135714e+002
  3.1842857e+002
 -2.6864655e+002
  8.7212404e+001
  1.1149114e+002
  8.2216857e+001
 -5.2557671e+001
 -2.7011330e+002
  2.1857143e+002
  3.1950000e+002
 -0.0000000e+000
 -0.0000000e+000
 -2.2293359e+002
 -0.0000000e+000
  0.0000000e+000
 -2.2293236e+002
  1.9192857e+002
  2.9450000e+002
  9.8269191e+001
  4.6006089e+001
  7.3964668e+001
 -1.5575567e+001
  3.0389019e+001
 -1.1698194e+002
  2.2928571e+002
  3.1628571e+002
 -2.6864655e+002
  8.7212404e+001
  1.1149114e+002
  8.2216857e+001
 -5.2557671e+001
 -2.7011330e+002
  2.3014286e+002
  3.2914286e+002
 -0.0000000e+000
 -0.0000000e+000
 -2.2293359e+002
 -0.0000000e+000
  0.0000000e+000
 -2.2293236e+002
  2.0100000e+002
  2.9478571e+002
  9.8269191e+001
  4.6006089e+001
  7.3964668e+001
 -1.5575567e+001
  3.0389019e+001
 -1.1698194e+002
  2.4028571e+002
  3.1542857e+002
 -2.6864655e+002
  8.7212404e+001
  1.1149114e+002
  8.2216857e+001
 -5.2557671e+001
 -2.7011330e+002
  2.5200000e+002
  3.3985714e+002
 -0.0000000e+000
 -0.0000000e+000
 -2.2293359e+002
 -0.0000000e+000
  0.0000000e+000
 -2.2293236e+002
  2.1314286e+002
  2.9778571e+002
  9.8269191e+001
  4.6006089e+001
  7.3964668e+001
 -1.5575567e+001
  3.0389019e+001
 -1.1698194e+002
  2.4378571e+002
  3.1407143e+002
 -2.6864655e+002
  8.7212404e+001
  1.1149114e+002
  8.2216857e+001
 -5.2557671e+001
 -2.7011330e+002
  2.4764286e+002
  3.4871429e+002
 -0.0000000e+000
 -0.0000000e+000
 -2.2293359e+002
 -0.0000000e+000
  0.0000000e+000
 -2.2293236e+002
  2.2485714e+002
  3.0121429e+002
  9.8269191e+001
  4.6006089e+001
  7.3964668e+001
 -1.5575567e+001
  3.0389019e+001
 -1.1698194e+002
  2.5450000e+002
  3.1221429e+002
 -2.6864655e+002
  8.7212404e+001
  1.1149114e+002
  8.2216857e+001
 -5.2557671e+001
 -2.7011330e+002
  2.0400000e+002
  3.5771429e+002
 -0.0000000e+000
 -0.0000000e+000
 -2.2293359e+002
 -0.0000000e+000
  0.0000000e+000
 -2.2293236e+002
  2.1857143e+002
  3.0578571e+002
  9.8269191e+001
  4.6006089e+001
  7.3964668e+001
 -1.5575567e+001
  3.0389019e+001
 -1.1698194e+002
  2.4257143e+002
  3.1371429e+002
 -2.6864655e+002
  8.7212404e+001
  1.1149114e+002
  8.2216857e+001
 -5.2557671e+001
 -2.7011330e+002
  1.6328571e+002
  3.6742857e+002
 -0.0000000e+000
 -0.0000000e+000
 -2.2293359e+002
 -0.0000000e+000
  0.0000000e+000
 -2.2293236e+002
  2.1214286e+002
  3.0942857e+002
  9.8269191e+001
  4.6006089e+001
  7.3964668e+001
 -1.5575567e+001
  3.0389019e+001
 -1.1698194e+002
  2.3214286e+002
  3.1528571e+002
 -2.6864655e+002
  8.7212404e+001
  1.1149114e+002
  8.2216857e+001
 -5.2557671e+001
 -2.7011330e+002
  1.6914286e+002
  3.7592857e+002
 -0.0000000e+000
 -0.0000000e+000
 -2.2293359e+002
 -0.0000000e+000
  0.0000000e+000
 -2.2293236e+002
  2.3171429e+002
  3.1464286e+002
  9.8269191e+001
  4.6006089e+001
  7.3964668e+001
 -1.5575567e+001
  3.0389019e+001
 -1.1698194e+002
  2.3785714e+002
  3.1828571e+002
 -2.6864655e+002
  8.7212404e+001
  1.1149114e+002
  8.2216857e+001
 -5.2557671e+001
 -2.7011330e+002
  2.1378571e+002
  3.8521429e+002
 -0.0000000e+000
 -0.0000000e+000
 -2.2293359e+002
 -0.0000000e+000
  0.0000000e+000
 -2.2293236e+002
  2.2728571e+002
  3.1850000e+002
  9.8269191e+001
  4.6006089e+001
  7.3964668e+001
 -1.5575567e+001
  3.0389019e+001
 -1.1698194e+002
  2.4142857e+002
  3.2078571e+002
 -2.6864655e+002
  8.7212404e+001
  1.1149114e+002
  8.2216857e+001
 -5.2557671e+001
 -2.7011330e+002
  2.3214286e+002
  3.9514286e+002
 -0.0000000e+000
 -0.0000000e+000
 -2.2293359e+002
 -0.0000000e+000
  0.0000000e+000
 -2.2293236e+002
  2.2357143e+002
  3.1564286e+002
  9.8269191e+001
  4.6006089e+001
  7.3964668e+001
 -1.5575567e+001
  3.0389019e+001
 -1.1698194e+002
  2.4257143e+002
  3.2385714e+002
 -2.6864655e+002
  8.7212404e+001
  1.1149114e+002
  8.2216857e+001
 -5.2557671e+001
 -2.7011330e+002
  2.4085714e+002
  3.9564286e+002
 -0.0000000e+000
 -0.0000000e+000
 -2.2293359e+002
 -0.0000000e+000
  0.0000000e+000
 -2.2293236e+002
  2.2764286e+002
  3.1964286e+002
  9.8269191e+001
  4.6006089e+001
  7.3964668e+001
 -1.5575567e+001
  3.0389019e+001
 -1.1698194e+002
  2.4450000e+002
  3.2478571e+002
 -2.6864655e+002
  8.7212404e+001
  1.1149114e+002
  8.2216857e+001
 -5.2557671e+001
 -2.7011330e+002
  2.2428571e+002
  3.8835714e+002
 -0.0000000e+000
 -0.0000000e+000
 -2.2293359e+002
 -0.0000000e+000
  0.0000000e+000
 -2.2293236e+002
  2.3885714e+002
  3.2328571e+002
  9.8269191e+001
  4.6006089e+001
  7.3964668e+001
 -1.5575567e+001
  3.0389019e+001
 -1.1698194e+002
  2.4714286e+002
  3.2450000e+002
 -2.6864655e+002
  8.7212404e+001
  1.1149114e+002
  8.2216857e+001
 -5.2557671e+001
 -2.7011330e+002
  2.1585714e+002
  3.7664286e+002
 -0.0000000e+000
 -0.0000000e+000
 -2.2293359e+002
 -0.0000000e+000
  0.0000000e+000
 -2.2293236e+002
  2.5100000e+002
  3.2385714e+002
  9.8269191e+001
  4.6006089e+001
  7.3964668e+001
 -1.5575567e+001
  3.0389019e+001
 -1.1698194e+002
  2.4371429e+002
  3.2285714e+002
 -2.6864655e+002
  8.7212404e+001
  1.1149114e+002
  8.2216857e+001
 -5.2557671e+001
 -2.7011330e+002
  2.1828571e+002
  3.6114286e+002
 -0.0000000e+000
 -0.0000000e+000
 -2.2293359e+002
 -0.0000000e+000
  0.0000000e+000
 -2.2293236e+002
  2.5421429e+002
  3.2150000e+002
  9.8269191e+001
  4.6006089e+001
  7.3964668e+001
 -1.5575567e+001
  3.0389019e+001
 -1.1698194e+002
  2.4392857e+002
  3.1750000e+002
 -2.6864655e+002
  8.7212404e+001
  1.1149114e+002
  8.2216857e+001
 -5.2557671e+001
 -2.7011330e+002
  2.3292857e+002
  3.4235714e+002
 -0.0000000e+000
 -0.0000000e+000
 -2.2293359e+002
 -0.0000000e+000
  0.0000000e+000
 -2.2293236e+002
  2.5535714e+002
  3.2000000e+002
  9.8269191e+001
  4.6006089e+001
  7.3964668e+001
 -1.5575567e+001
  3.0389019e+001
 -1.1698194e+002
  2.4607143e+002
  3.1285714e+002
 -2.6864655e+002
  8.7212404e+001
  1.1149114e+002
  8.2216857e+001
 -5.2557671e+001
 -2.7011330e+002
  2.4892857e+002
  3.2421429e+002
 -0.0000000e+000
 -0.0000000e+000
 -2.2293359e+002
 -0.0000000e+000
  0.0000000e+000
 -2.2293236e+002
  2.4778571e+002
  3.2185714e+002
  9.8269191e+001
  4.6006089e+001
  7.3964668e+001
 -1.5575567e+001
  3.0389019e+001
 -1.1698194e+002
  2.4657143e+002
  3.0835714e+002
 -2.6864655e+002
  8.7212404e+001
  1.1149114e+002
  8.2216857e+001
 -5.2557671e+001
 -2.7011330e+002
  2.3921429e+002
  3.0771429e+002
 -0.0000000e+000
 -0.0000000e+000
 -2.2293359e+002
 -0.0000000e+000
  0.0000000e+000
 -2.2293236e+002
  2.4057143e+002
  3.2492857e+002
  9.8269191e+001
  4.6006089e+001
  7.3964668e+001
 -1.5575567e+001
  3.0389019e+001
 -1.1698194e+002
  2.4478571e+002
  3.0642857e+002
 -2.6864655e+002
  8.7212404e+001
  1.1149114e+002
  8.2216857e+001
 -5.2557671e+001
 -2.7011330e+002
  2.3178571e+002
  3.1028571e+002
 -0.0000000e+000
 -0.0000000e+000
 -2.2293359e+002
 -0.0000000e+000
  0.0000000e+000
 -2.2293236e+002
  2.4507143e+002
  3.2742857e+002
  9.8269191e+001
  4.6006089e+001
  7.3964668e+001
 -1.5575567e+001
  3.0389019e+001
 -1.1698194e+002
  2.4135714e+002
  3.0771429e+002
 -2.6864655e+002
  8.7212404e+001
  1.1149114e+002
  8.2216857e+001
 -5.2557671e+001
 -2.7011330e+002
  2.2771429e+002
  3.0557143e+002
 -0.0000000e+000
 -0.0000000e+000
 -2.2293359e+002
 -0.0000000e+000
  0.0000000e+000
 -2.2293236e+002
  2.4750000e+002
  3.2950000e+002
  9.8269191e+001
  4.6006089e+001
  7.3964668e+001
 -1.5575567e+001
  3.0389019e+001
 -1.1698194e+002
  2.3571429e+002
  3.0921429e+002
 -2.6864655e+002
  8.7212404e+001
  1.1149114e+002
  8.2216857e+001
 -5.2557671e+001
 -2.7011330e+002
  2.2928571e+002
  3.0742857e+002
 -0.0000000e+000
 -0.0000000e+000
 -2.2293359e+002
 -0.0000000e+000
  0.0000000e+000
 -2.2293236e+002
  2.5021429e+002
  3.2814286e+002
  9.8269191e+001
  4.6006089e+001
  7.3964668e+001
 -1.5575567e+001
  3.0389019e+001
 -1.1698194e+002
  2.3235714e+002
  3.1200000e+002
 -2.6864655e+002
  8.7212404e+001
  1.1149114e+002
  8.2216857e+001
 -5.2557671e+001
 -2.7011330e+002
  2.4235714e+002
  3.1242857e+002
 -0.0000000e+000
 -0.0000000e+000
 -2.2293359e+002
 -0.0000000e+000
  0.0000000e+000
 -2.2293236e+002
  2.5071429e+002
  3.1414286e+002
  9.8269191e+001
  4.6006089e+001
  7.3964668e+001
 -1.5575567e+001
  3.0389019e+001
 -1.1698194e+002
  2.2792857e+002
  3.1271429e+002
 -2.6864655e+002
  8.7212404e+001
  1.1149114e+002
  8.2216857e+001
 -5.2557671e+001
 -2.7011330e+002
  2.5357143e+002
  3.1592857e+002
 -0.0000000e+000
 -0.0000000e+000
 -2.2293359e+002
 -0.0000000e+000
  0.0000000e+000
 -2.2293236e+002
  2.4557143e+002
  3.0821429e+002
  9.8269191e+001
  4.6006089e+001
  7.3964668e+001
 -1.5575567e+001
  3.0389019e+001
 -1.1698194e+002
  2.2578571e+002
  3.1171429e+002
 -2.6864655e+002
  8.7212404e+001
  1.1149114e+002
  8.2216857e+001
 -5.2557671e+001
 -2.7011330e+002
  2.5050000e+002
  3.1700000e+002
 -0.0000000e+000
 -0.0000000e+000
 -2.2293359e+002
 -0.0000000e+000
  0.0000000e+000
 -2.2293236e+002
  2.4078571e+002
  3.0721429e+002
  9.8269191e+001
  4.6006089e+001
  7.3964668e+001
 -1.5575567e+001
  3.0389019e+001
 -1.1698194e+002
  2.3257143e+002
  3.0850000e+002
 -2.6864655e+002
  8.7212404e+001
  1.1149114e+002
  8.2216857e+001
 -5.2557671e+001
 -2.7011330e+002
  2.4507143e+002
  3.1442857e+002
 -0.0000000e+000
 -0.0000000e+000
 -2.2293359e+002
 -0.0000000e+000
  0.0000000e+000
 -2.2293236e+002
  2.3985714e+002
  3.0878571e+002
  9.8269191e+001
  4.6006089e+001
  7.3964668e+001
 -1.5575567e+001
  3.0389019e+001
 -1.1698194e+002
  2.4185714e+002
  3.0450000e+002
 -2.6864655e+002
  8.7212404e+001
  1.1149114e+002
  8.2216857e+001
 -5.2557671e+001
 -2.7011330e+002
  2.3664286e+002
  3.0757143e+002
 -0.0000000e+000
 -0.0000000e+000
 -2.2293359e+002
 -0.0000000e+000
  0.0000000e+000
 -2.2293236e+002
  2.3900000e+002
  3.0985714e+002
  9.8269191e+001
  4.6006089e+001
  7.3964668e+001
 -1.5575567e+001
  3.0389019e+001
 -1.1698194e+002
  2.4850000e+002
  3.0007143e+002
 -2.6864655e+002
  8.7212404e+001
  1.1149114e+002
  8.2216857e+001
 -5.2557671e+001
 -2.7011330e+002
  2.2785714e+002
  3.0500000e+002
 -0.0000000e+000
 -0.0000000e+000
 -2.2293359e+002
 -0.0000000e+000
  0.0000000e+000
 -2.2293236e+002
  2.3964286e+002
  3.1492857e+002
  9.8269191e+001
  4.6006089e+001
  7.3964668e+001
 -1.5575567e+001
  3.0389019e+001
 -1.1698194e+002
  2.4535714e+002
  2.9828571e+002
 -2.6864655e+002
  8.7212404e+001
  1.1149114e+002
  8.2216857e+001
 -5.2557671e+001
 -2.7011330e+002
  2.2657143e+002
  3.0635714e+002
 -0.0000000e+000
 -0.0000000e+000
 -2.2293359e+002
 -0.0000000e+000
  0.0000000e+000
 -2.2293236e+002
  2.3878571e+002
  3.1828571e+002
  9.8269191e+001
  4.6006089e+001
  7.3964668e+001
 -1.5575567e+001
  3.0389019e+001
 -1.1698194e+002
  2.4342857e+002
  2.9964286e+002
 -2.6864655e+002
  8.7212404e+001
  1.1149114e+002
  8.2216857e+001
 -5.2557671e+001
 -2.7011330e+002
  2.2457143e+002
  3.1071429e+002
 -0.0000000e+000
 -0.0000000e+000
 -2.2293359e+002
 -0.0000000e+000
  0.0000000e+000
 -2.2293236e+002
  2.3528571e+002
  3.1621429e+002
  9.8269191e+001
  4.6006089e+001
  7.3964668e+001
 -1.5575567e+001
  3.0389019e+001
 -1.1698194e+002
  2.3971429e+002
  3.0150000e+002
 -2.6864655e+002
  8.7212404e+001
  1.1149114e+002
  8.2216857e+001
 -5.2557671e+001
 -2.7011330e+002
  2.3164286e+002
  3.0492857e+002
 -0.0000000e+000
 -0.0000000e+000
 -2.2293359e+002
 -0.0000000e+000
  0.0000000e+000
 -2.2293236e+002
  2.4342857e+002
  3.0821429e+002
  9.8269191e+001
  4.6006089e+001
  7.3964668e+001
 -1.5575567e+001
  3.0389019e+001
 -1.1698194e+002
  2.4050000e+002
  3.0314286e+002
 -2.6864655e+002
  8.7212404e+001
  1.1149114e+002
  8.2216857e+001
 -5.2557671e+001
 -2.7011330e+002
  2.3614286e+002
  2.8935714e+002
 -0.0000000e+000
 -0.0000000e+000
 -2.2293359e+002
 -0.0000000e+000
  0.0000000e+000
 -2.2293236e+002
  2.5728571e+002
  2.9942857e+002
  9.8269191e+001
  4.6006089e+001
  7.3964668e+001
 -1.5575567e+001
  3.0389019e+001
 -1.1698194e+002
  2.4271429e+002
  3.0471429e+002
 -2.6864655e+002
  8.7212404e+001
  1.1149114e+002
  8.2216857e+001
 -5.2557671e+001
 -2.7011330e+002
  2.4000000e+002
  2.7292857e+002
 -0.0000000e+000
 -0.0000000e+000
 -2.2293359e+002
 -0.0000000e+000
  0.0000000e+000
 -2.2293236e+002
  2.7321429e+002
  2.9550000e+002
  9.8269191e+001
  4.6006089e+001
  7.3964668e+001
 -1.5575567e+001
  3.0389019e+001
 -1.1698194e+002
  2.4371429e+002
  3.0600000e+002
 -2.6864655e+002
  8.7212404e+001
  1.1149114e+002
  8.2216857e+001
 -5.2557671e+001
 -2.7011330e+002
  2.4214286e+002
  2.6392857e+002
 -0.0000000e+000
 -0.0000000e+000
 -2.2293359e+002
 -0.0000000e+000
  0.0000000e+000
 -2.2293236e+002
  2.8178571e+002
  2.9785714e+002
  9.8269191e+001
  4.6006089e+001
  7.3964668e+001
 -1.5575567e+001
  3.0389019e+001
 -1.1698194e+002
  2.4178571e+002
  3.0864286e+002
 -2.6864655e+002
  8.7212404e+001
  1.1149114e+002
  8.2216857e+001
 -5.2557671e+001
 -2.7011330e+002
  2.4350000e+002
  2.7014286e+002
 -0.0000000e+000
 -0.0000000e+000
 -2.2293359e+002
 -0.0000000e+000
  0.0000000e+000
 -2.2293236e+002
  2.7771429e+002
  3.0935714e+002
  9.8269191e+001
  4.6006089e+001
  7.3964668e+001
 -1.5575567e+001
  3.0389019e+001
 -1.1698194e+002
  2.3978571e+002
  3.1250000e+002
 -2.6864655e+002
  8.7212404e+001
  1.1149114e+002
  8.2216857e+001
 -5.2557671e+001
 -2.7011330e+002
  2.4357143e+002
  2.8328571e+002
 -0.0000000e+000
 -0.0000000e+000
 -2.2293359e+002
 -0.0000000e+000
  0.0000000e+000
 -2.2293236e+002
  2.6507143e+002
  3.1328571e+002
  9.8269191e+001
  4.6006089e+001
  7.3964668e+001
 -1.5575567e+001
  3.0389019e+001
 -1.1698194e+002
  2.3314286e+002
  3.1771429e+002
 -2.6864655e+002
  8.7212404e+001
  1.1149114e+002
  8.2216857e+001
 -5.2557671e+001
 -2.7011330e+002
  2.2878571e+002
  2.9521429e+002
 -0.0000000e+000
 -0.0000000e+000
 -2.2293359e+002
 -0.0000000e+000
  0.0000000e+000
 -2.2293236e+002
  2.5300000e+002
  3.1028571e+002
  9.8269191e+001
  4.6006089e+001
  7.3964668e+001
 -1.5575567e+001
  3.0389019e+001
 -1.1698194e+002
  2.3285714e+002
  3.2142857e+002
 -2.6864655e+002
  8.7212404e+001
  1.1149114e+002
  8.2216857e+001
 -5.2557671e+001
 -2.7011330e+002
  2.1457143e+002
  3.0392857e+002
 -0.0000000e+000
 -0.0000000e+000
 -2.2293359e+002
 -0.0000000e+000
  0.0000000e+000
 -2.2293236e+002
  2.4014286e+002
  3.0821429e+002
  9.8269191e+001
  4.6006089e+001
  7.3964668e+001
 -1.5575567e+001
  3.0389019e+001
 -1.1698194e+002
  2.3107143e+002
  3.2142857e+002
 -2.6864655e+002
  8.7212404e+001
  1.1149114e+002
  8.2216857e+001
 -5.2557671e+001
 -2.7011330e+002
  2.0807143e+002
  3.0885714e+002
 -0.0000000e+000
 -0.0000000e+000
 -2.2293359e+002
 -0.0000000e+000
  0.0000000e+000
 -2.2293236e+002
  2.2950000e+002
  3.0592857e+002
  9.8269191e+001
  4.6006089e+001
  7.3964668e+001
 -1.5575567e+001
  3.0389019e+001
 -1.1698194e+002
  2.3014286e+002
  3.2078571e+002
 -2.6864655e+002
  8.7212404e+001
  1.1149114e+002
  8.2216857e+001
 -5.2557671e+001
 -2.7011330e+002
  1.9971429e+002
  3.0378571e+002
 -0.0000000e+000
 -0.0000000e+000
 -2.2293359e+002
 -0.0000000e+000
  0.0000000e+000
 -2.2293236e+002
  2.4535714e+002
  3.0542857e+002
  9.8269191e+001
  4.6006089e+001
  7.3964668e+001
 -1.5575567e+001
  3.0389019e+001
 -1.1698194e+002
  2.2878571e+002
  3.1742857e+002
 -2.6864655e+002
  8.7212404e+001
  1.1149114e+002
  8.2216857e+001
 -5.2557671e+001
 -2.7011330e+002
  1.9292857e+002
  3.0200000e+002
 -0.0000000e+000
 -0.0000000e+000
 -2.2293359e+002
 -0.0000000e+000
  0.0000000e+000
 -2.2293236e+002
  2.5992857e+002
  3.0942857e+002
  9.8269191e+001
  4.6006089e+001
  7.3964668e+001
 -1.5575567e+001
  3.0389019e+001
 -1.1698194e+002
  2.2742857e+002
  3.1350000e+002
 -2.6864655e+002
  8.7212404e+001
  1.1149114e+002
  8.2216857e+001
 -5.2557671e+001
 -2.7011330e+002
  1.7764286e+002
  2.9614286e+002
 -0.0000000e+000
 -0.0000000e+000
 -2.2293359e+002
 -0.0000000e+000
  0.0000000e+000
 -2.2293236e+002
  2.6678571e+002
  3.1150000e+002
  9.8269191e+001
  4.6006089e+001
  7.3964668e+001
 -1.5575567e+001
  3.0389019e+001
 -1.1698194e+002
  2.2928571e+002
  3.1157143e+002
 -2.6864655e+002
  8.7212404e+001
  1.1149114e+002
  8.2216857e+001
 -5.2557671e+001
 -2.7011330e+002
  1.7150000e+002
  2.9835714e+002
 -0.0000000e+000
 -0.0000000e+000
 -2.2293359e+002
 -0.0000000e+000
  0.0000000e+000
 -2.2293236e+002
  2.6221429e+002
  3.1121429e+002
  9.8269191e+001
  4.6006089e+001
  7.3964668e+001
 -1.5575567e+001
  3.0389019e+001
 -1.1698194e+002
  2.3314286e+002
  3.1292857e+002
 -2.6864655e+002
  8.7212404e+001
  1.1149114e+002
  8.2216857e+001
 -5.2557671e+001
 -2.7011330e+002
  1.8428571e+002
  3.0557143e+002
 -0.0000000e+000
 -0.0000000e+000
 -2.2293359e+002
 -0.0000000e+000
  0.0000000e+000
 -2.2293236e+002
  2.4942857e+002
  3.1035714e+002
  9.8269191e+001
  4.6006089e+001
  7.3964668e+001
 -1.5575567e+001
  3.0389019e+001
 -1.1698194e+002
  2.3900000e+002
  3.1542857e+002
 -2.6864655e+002
  8.7212404e+001
  1.1149114e+002
  8.2216857e+001
 -5.2557671e+001
 -2.7011330e+002
  2.0407143e+002
  2.9571429e+002
 -0.0000000e+000
 -0.0000000e+000
 -2.2293359e+002
 -0.0000000e+000
  0.0000000e+000
 -2.2293236e+002
  2.3050000e+002
  3.0792857e+002
  9.8269191e+001
  4.6006089e+001
  7.3964668e+001
 -1.5575567e+001
  3.0389019e+001
 -1.1698194e+002
  2.4142857e+002
  3.1707143e+002
 -2.6864655e+002
  8.7212404e+001
  1.1149114e+002
  8.2216857e+001
 -5.2557671e+001
 -2.7011330e+002
  2.1800000e+002
  2.8457143e+002
 -0.0000000e+000
 -0.0000000e+000
 -2.2293359e+002
 -0.0000000e+000
  0.0000000e+000
 -2.2293236e+002
  2.1664286e+002
  3.0692857e+002
  9.8269191e+001
  4.6006089e+001
  7.3964668e+001
 -1.5575567e+001
  3.0389019e+001
 -1.1698194e+002
  2.4221429e+002
  3.1978571e+002
 -2.6864655e+002
  8.7212404e+001
  1.1149114e+002
  8.2216857e+001
 -5.2557671e+001
 -2.7011330e+002
  2.2357143e+002
  2.7328571e+002
 -0.0000000e+000
 -0.0000000e+000
 -2.2293359e+002
 -0.0000000e+000
  0.0000000e+000
 -2.2293236e+002
  2.3914286e+002
  3.0835714e+002
  9.8269191e+001
  4.6006089e+001
  7.3964668e+001
 -1.5575567e+001
  3.0389019e+001
 -1.1698194e+002
  2.4092857e+002
  3.2150000e+002
 -2.6864655e+002
  8.7212404e+001
  1.1149114e+002
  8.2216857e+001
 -5.2557671e+001
 -2.7011330e+002
  2.1492857e+002
  2.6514286e+002
 -0.0000000e+000
 -0.0000000e+000
 -2.2293359e+002
 -0.0000000e+000
  0.0000000e+000
 -2.2293236e+002
  2.5792857e+002
  3.1292857e+002
  9.8269191e+001
  4.6006089e+001
  7.3964668e+001
 -1.5575567e+001
  3.0389019e+001
 -1.1698194e+002
  2.4164286e+002
  3.1457143e+002
 -2.6864655e+002
  8.7212404e+001
  1.1149114e+002
  8.2216857e+001
 -5.2557671e+001
 -2.7011330e+002
  2.0292857e+002
  2.6378571e+002
 -0.0000000e+000
 -0.0000000e+000
 -2.2293359e+002
 -0.0000000e+000
  0.0000000e+000
 -2.2293236e+002
  2.7128571e+002
  3.1371429e+002
  9.8269191e+001
  4.6006089e+001
  7.3964668e+001
 -1.5575567e+001
  3.0389019e+001
 -1.1698194e+002
  2.4271429e+002
  3.1135714e+002
 -2.6864655e+002
  8.7212404e+001
  1.1149114e+002
  8.2216857e+001
 -5.2557671e+001
 -2.7011330e+002
  1.8678571e+002
  2.7721429e+002
 -0.0000000e+000
 -0.0000000e+000
 -2.2293359e+002
 -0.0000000e+000
  0.0000000e+000
 -2.2293236e+002
  2.7400000e+002
  3.1121429e+002
  9.8269191e+001
  4.6006089e+001
  7.3964668e+001
 -1.5575567e+001
  3.0389019e+001
 -1.1698194e+002
  2.4157143e+002
  3.1178571e+002
 -2.6864655e+002
  8.7212404e+001
  1.1149114e+002
  8.2216857e+001
 -5.2557671e+001
 -2.7011330e+002
  1.9807143e+002
  3.0678571e+002
 -0.0000000e+000
 -0.0000000e+000
 -2.2293359e+002
 -0.0000000e+000
  0.0000000e+000
 -2.2293236e+002
  2.6485714e+002
  3.0785714e+002
  9.8269191e+001
  4.6006089e+001
  7.3964668e+001
 -1.5575567e+001
  3.0389019e+001
 -1.1698194e+002
  2.3828571e+002
  3.1242857e+002
 -2.6864655e+002
  8.7212404e+001
  1.1149114e+002
  8.2216857e+001
 -5.2557671e+001
 -2.7011330e+002
  2.1985714e+002
  3.2042857e+002
 -0.0000000e+000
 -0.0000000e+000
 -2.2293359e+002
 -0.0000000e+000
  0.0000000e+000
 -2.2293236e+002
  2.4778571e+002
  2.9778571e+002
  9.8269191e+001
  4.6006089e+001
  7.3964668e+001
 -1.5575567e+001
  3.0389019e+001
 -1.1698194e+002
  2.3242857e+002
  3.1214286e+002
 -2.6864655e+002
  8.7212404e+001
  1.1149114e+002
  8.2216857e+001
 -5.2557671e+001
 -2.7011330e+002
  2.1950000e+002
  3.0857143e+002
 -0.0000000e+000
 -0.0000000e+000
 -2.2293359e+002
 -0.0000000e+000
  0.0000000e+000
 -2.2293236e+002
  2.2942857e+002
  2.8650000e+002
  9.8269191e+001
  4.6006089e+001
  7.3964668e+001
 -1.5575567e+001
  3.0389019e+001
 -1.1698194e+002
  2.2650000e+002
  3.1164286e+002
 -2.6864655e+002
  8.7212404e+001
  1.1149114e+002
  8.2216857e+001
 -5.2557671e+001
 -2.7011330e+002
  1.9878571e+002
  2.9742857e+002
 -0.0000000e+000
 -0.0000000e+000
 -2.2293359e+002
 -0.0000000e+000
  0.0000000e+000
 -2.2293236e+002
  2.5864286e+002
  2.6864286e+002
  9.8269191e+001
  4.6006089e+001
  7.3964668e+001
 -1.5575567e+001
  3.0389019e+001
 -1.1698194e+002
  2.2421429e+002
  3.1171429e+002
 -2.6864655e+002
  8.7212404e+001
  1.1149114e+002
  8.2216857e+001
 -5.2557671e+001
 -2.7011330e+002
  1.8978571e+002
  2.9207143e+002
 -0.0000000e+000
 -0.0000000e+000
 -2.2293359e+002
 -0.0000000e+000
  0.0000000e+000
 -2.2293236e+002
  2.4600000e+002
  2.7507143e+002
  9.8269191e+001
  4.6006089e+001
  7.3964668e+001
 -1.5575567e+001
  3.0389019e+001
 -1.1698194e+002
  2.2771429e+002
  3.0271429e+002
 -2.6864655e+002
  8.7212404e+001
  1.1149114e+002
  8.2216857e+001
 -5.2557671e+001
 -2.7011330e+002
  1.9028571e+002
  2.9514286e+002
 -0.0000000e+000
 -0.0000000e+000
 -2.2293359e+002
 -0.0000000e+000
  0.0000000e+000
 -2.2293236e+002
  2.5142857e+002
  2.9564286e+002
  9.8269191e+001
  4.6006089e+001
  7.3964668e+001
 -1.5575567e+001
  3.0389019e+001
 -1.1698194e+002
  2.3400000e+002
  2.9564286e+002
 -2.6864655e+002
  8.7212404e+001
  1.1149114e+002
  8.2216857e+001
 -5.2557671e+001
 -2.7011330e+002
  1.9907143e+002
  3.0900000e+002
 -0.0000000e+000
 -0.0000000e+000
 -2.2293359e+002
 -0.0000000e+000
  0.0000000e+000
 -2.2293236e+002
  2.5400000e+002
  2.9607143e+002
  9.8269191e+001
  4.6006089e+001
  7.3964668e+001
 -1.5575567e+001
  3.0389019e+001
 -1.1698194e+002
  2.3650000e+002
  2.9542857e+002
 -2.6864655e+002
  8.7212404e+001
  1.1149114e+002
  8.2216857e+001
 -5.2557671e+001
 -2.7011330e+002
  2.1071429e+002
  3.1178571e+002
 -0.0000000e+000
 -0.0000000e+000
 -2.2293359e+002
 -0.0000000e+000
  0.0000000e+000
 -2.2293236e+002
  2.4521429e+002
  3.0157143e+002
  9.8269191e+001
  4.6006089e+001
  7.3964668e+001
 -1.5575567e+001
  3.0389019e+001
 -1.1698194e+002
  2.3350000e+002
  3.0500000e+002
 -2.6864655e+002
  8.7212404e+001
  1.1149114e+002
  8.2216857e+001
 -5.2557671e+001
 -2.7011330e+002
  2.2235714e+002
  3.0521429e+002
 -0.0000000e+000
 -0.0000000e+000
 -2.2293359e+002
 -0.0000000e+000
  0.0000000e+000
 -2.2293236e+002
  2.3471429e+002
  3.0778571e+002
  9.8269191e+001
  4.6006089e+001
  7.3964668e+001
 -1.5575567e+001
  3.0389019e+001
 -1.1698194e+002
  2.3142857e+002
  3.1185714e+002
 -2.6864655e+002
  8.7212404e+001
  1.1149114e+002
  8.2216857e+001
 -5.2557671e+001
 -2.7011330e+002
  2.2900000e+002
  3.0257143e+002
 -0.0000000e+000
 -0.0000000e+000
 -2.2293359e+002
 -0.0000000e+000
  0.0000000e+000
 -2.2293236e+002
  2.2392857e+002
  3.1214286e+002
  9.8269191e+001
  4.6006089e+001
  7.3964668e+001
 -1.5575567e+001
  3.0389019e+001
 -1.1698194e+002
  2.3071429e+002
  3.1314286e+002
 -2.6864655e+002
  8.7212404e+001
  1.1149114e+002
  8.2216857e+001
 -5.2557671e+001
 -2.7011330e+002
  2.2600000e+002
  3.0292857e+002
 -0.0000000e+000
 -0.0000000e+000
 -2.2293359e+002
 -0.0000000e+000
  0.0000000e+000
 -2.2293236e+002
  2.1585714e+002
  3.1542857e+002
  9.8269191e+001
  4.6006089e+001
  7.3964668e+001
 -1.5575567e+001
  3.0389019e+001
 -1.1698194e+002
  2.3221429e+002
  3.1492857e+002
 -2.6864655e+002
  8.7212404e+001
  1.1149114e+002
  8.2216857e+001
 -5.2557671e+001
 -2.7011330e+002
  2.1671429e+002
  3.0000000e+002
 -0.0000000e+000
 -0.0000000e+000
 -2.2293359e+002
 -0.0000000e+000
  0.0000000e+000
 -2.2293236e+002
  2.3135714e+002
  3.1828571e+002
  9.8269191e+001
  4.6006089e+001
  7.3964668e+001
 -1.5575567e+001
  3.0389019e+001
 -1.1698194e+002
  2.3285714e+002
  3.1442857e+002
 -2.6864655e+002
  8.7212404e+001
  1.1149114e+002
  8.2216857e+001
 -5.2557671e+001
 -2.7011330e+002
  2.1507143e+002
  3.0028571e+002
 -0.0000000e+000
 -0.0000000e+000
 -2.2293359e+002
 -0.0000000e+000
  0.0000000e+000
 -2.2293236e+002
  2.4357143e+002
  3.1464286e+002
  9.8269191e+001
  4.6006089e+001
  7.3964668e+001
 -1.5575567e+001
  3.0389019e+001
 -1.1698194e+002
  2.3435714e+002
  3.0635714e+002
 -2.6864655e+002
  8.7212404e+001
  1.1149114e+002
  8.2216857e+001
 -5.2557671e+001
 -2.7011330e+002
  2.0642857e+002
  3.1335714e+002
 -0.0000000e+000
 -0.0000000e+000
 -2.2293359e+002
 -0.0000000e+000
  0.0000000e+000
 -2.2293236e+002
  2.4828571e+002
  3.0442857e+002
  9.8269191e+001
  4.6006089e+001
  7.3964668e+001
 -1.5575567e+001
  3.0389019e+001
 -1.1698194e+002
  2.3514286e+002
  2.9721429e+002
 -2.6864655e+002
  8.7212404e+001
  1.1149114e+002
  8.2216857e+001
 -5.2557671e+001
 -2.7011330e+002
  2.0178571e+002
  3.1771429e+002
 -0.0000000e+000
 -0.0000000e+000
 -2.2293359e+002
 -0.0000000e+000
  0.0000000e+000
 -2.2293236e+002
  2.4728571e+002
  3.0100000e+002
  9.8269191e+001
  4.6006089e+001
  7.3964668e+001
 -1.5575567e+001
  3.0389019e+001
 -1.1698194e+002
  2.3421429e+002
  3.0000000e+002
 -2.6864655e+002
  8.7212404e+001
  1.1149114e+002
  8.2216857e+001
 -5.2557671e+001
 -2.7011330e+002
  2.1028571e+002
  3.1400000e+002
 -0.0000000e+000
 -0.0000000e+000
 -2.2293359e+002
 -0.0000000e+000
  0.0000000e+000
 -2.2293236e+002
  2.3957143e+002
  2.9557143e+002
  9.8269191e+001
  4.6006089e+001
  7.3964668e+001
 -1.5575567e+001
  3.0389019e+001
 -1.1698194e+002
  2.3242857e+002
  3.0392857e+002
 -2.6864655e+002
  8.7212404e+001
  1.1149114e+002
  8.2216857e+001
 -5.2557671e+001
 -2.7011330e+002
  2.2835714e+002
  3.0964286e+002
 -0.0000000e+000
 -0.0000000e+000
 -2.2293359e+002
 -0.0000000e+000
  0.0000000e+000
 -2.2293236e+002
  2.2664286e+002
  2.9078571e+002
  9.8269191e+001
  4.6006089e+001
  7.3964668e+001
 -1.5575567e+001
  3.0389019e+001
 -1.1698194e+002
  2.2942857e+002
  3.0864286e+002
 -2.6864655e+002
  8.7212404e+001
  1.1149114e+002
  8.2216857e+001
 -5.2557671e+001
 -2.7011330e+002
  2.4771429e+002
  3.0657143e+002
 -0.0000000e+000
 -0.0000000e+000
 -2.2293359e+002
 -0.0000000e+000
  0.0000000e+000
 -2.2293236e+002
  2.2371429e+002
  2.9078571e+002
  9.8269191e+001
  4.6006089e+001
  7.3964668e+001
 -1.5575567e+001
  3.0389019e+001
 -1.1698194e+002
  2.2635714e+002
  3.1521429e+002
 -2.6864655e+002
  8.7212404e+001
  1.1149114e+002
  8.2216857e+001
 -5.2557671e+001
 -2.7011330e+002
  2.2400000e+002
  3.0421429e+002
 -0.0000000e+000
 -0.0000000e+000
 -2.2293359e+002
 -0.0000000e+000
  0.0000000e+000
 -2.2293236e+002
  2.2628571e+002
  2.9392857e+002
  9.8269191e+001
  4.6006089e+001
  7.3964668e+001
 -1.5575567e+001
  3.0389019e+001
 -1.1698194e+002
  2.2764286e+002
  3.1157143e+002
 -2.6864655e+002
  8.7212404e+001
  1.1149114e+002
  8.2216857e+001
 -5.2557671e+001
 -2.7011330e+002
  1.9685714e+002
  3.0407143e+002
 -0.0000000e+000
 -0.0000000e+000
 -2.2293359e+002
 -0.0000000e+000
  0.0000000e+000
 -2.2293236e+002
  2.2778571e+002
  3.0028571e+002
  9.8269191e+001
  4.6006089e+001
  7.3964668e+001
 -1.5575567e+001
  3.0389019e+001
 -1.1698194e+002
  2.3264286e+002
  3.0500000e+002
 -2.6864655e+002
  8.7212404e+001
  1.1149114e+002
  8.2216857e+001
 -5.2557671e+001
 -2.7011330e+002
  1.7971429e+002
  3.0735714e+002
 -0.0000000e+000
 -0.0000000e+000
 -2.2293359e+002
 -0.0000000e+000
  0.0000000e+000
 -2.2293236e+002
  2.2935714e+002
  3.1157143e+002
  9.8269191e+001
  4.6006089e+001
  7.3964668e+001
 -1.5575567e+001
  3.0389019e+001
 -1.1698194e+002
  2.3378571e+002
  2.9535714e+002
 -2.6864655e+002
  8.7212404e+001
  1.1149114e+002
  8.2216857e+001
 -5.2557671e+001
 -2.7011330e+002
  1.7835714e+002
  3.0342857e+002
 -0.0000000e+000
 -0.0000000e+000
 -2.2293359e+002
 -0.0000000e+000
  0.0000000e+000
 -2.2293236e+002
  2.2857143e+002
  3.1178571e+002
  9.8269191e+001
  4.6006089e+001
  7.3964668e+001
 -1.5575567e+001
  3.0389019e+001
 -1.1698194e+002
  2.2921429e+002
  2.8728571e+002
 -2.6864655e+002
  8.7212404e+001
  1.1149114e+002
  8.2216857e+001
 -5.2557671e+001
 -2.7011330e+002
  1.8985714e+002
  2.9814286e+002
 -0.0000000e+000
 -0.0000000e+000
 -2.2293359e+002
 -0.0000000e+000
  0.0000000e+000
 -2.2293236e+002
  2.2628571e+002
  3.0328571e+002
  9.8269191e+001
  4.6006089e+001
  7.3964668e+001
 -1.5575567e+001
  3.0389019e+001
 -1.1698194e+002
  2.2628571e+002
  2.8828571e+002
 -2.6864655e+002
  8.7212404e+001
  1.1149114e+002
  8.2216857e+001
 -5.2557671e+001
 -2.7011330e+002
  2.1128571e+002
  2.8914286e+002
 -0.0000000e+000
 -0.0000000e+000
 -2.2293359e+002
 -0.0000000e+000
  0.0000000e+000
 -2.2293236e+002
  2.2271429e+002
  2.9264286e+002
  9.8269191e+001
  4.6006089e+001
  7.3964668e+001
 -1.5575567e+001
  3.0389019e+001
 -1.1698194e+002
  2.2578571e+002
  2.9535714e+002
 -2.6864655e+002
  8.7212404e+001
  1.1149114e+002
  8.2216857e+001
 -5.2557671e+001
 -2.7011330e+002
  2.3400000e+002
  2.7921429e+002
 -0.0000000e+000
 -0.0000000e+000
 -2.2293359e+002
 -0.0000000e+000
  0.0000000e+000
 -2.2293236e+002
  2.2142857e+002
  2.8728571e+002
  9.8269191e+001
  4.6006089e+001
  7.3964668e+001
 -1.5575567e+001
  3.0389019e+001
 -1.1698194e+002
  2.2614286e+002
  3.0307143e+002
 -2.6864655e+002
  8.7212404e+001
  1.1149114e+002
  8.2216857e+001
 -5.2557671e+001
 -2.7011330e+002
  2.4892857e+002
  2.7371429e+002
 -0.0000000e+000
 -0.0000000e+000
 -2.2293359e+002
 -0.0000000e+000
  0.0000000e+000
 -2.2293236e+002
  2.2121429e+002
  2.8278571e+002
  9.8269191e+001
  4.6006089e+001
  7.3964668e+001
 -1.5575567e+001
  3.0389019e+001
 -1.1698194e+002
  2.2764286e+002
  3.0207143e+002
 -2.6864655e+002
  8.7212404e+001
  1.1149114e+002
  8.2216857e+001
 -5.2557671e+001
 -2.7011330e+002
  2.2728571e+002
  2.7350000e+002
 -0.0000000e+000
 -0.0000000e+000
 -2.2293359e+002
 -0.0000000e+000
  0.0000000e+000
 -2.2293236e+002
  2.2521429e+002
  2.8471429e+002
  9.8269191e+001
  4.6006089e+001
  7.3964668e+001
 -1.5575567e+001
  3.0389019e+001
 -1.1698194e+002
  2.2914286e+002
  2.9550000e+002
 -2.6864655e+002
  8.7212404e+001
  1.1149114e+002
  8.2216857e+001
 -5.2557671e+001
 -2.7011330e+002
  2.1385714e+002
  2.8085714e+002
 -0.0000000e+000
 -0.0000000e+000
 -2.2293359e+002
 -0.0000000e+000
  0.0000000e+000
 -2.2293236e+002
  2.3850000e+002
  2.9578571e+002
  9.8269191e+001
  4.6006089e+001
  7.3964668e+001
 -1.5575567e+001
  3.0389019e+001
 -1.1698194e+002
  2.3128571e+002
  2.9000000e+002
 -2.6864655e+002
  8.7212404e+001
  1.1149114e+002
  8.2216857e+001
 -5.2557671e+001
 -2.7011330e+002
  2.0057143e+002
  2.9628571e+002
 -0.0000000e+000
 -0.0000000e+000
 -2.2293359e+002
 -0.0000000e+000
  0.0000000e+000
 -2.2293236e+002
  2.4814286e+002
  3.0750000e+002
  9.8269191e+001
  4.6006089e+001
  7.3964668e+001
 -1.5575567e+001
  3.0389019e+001
 -1.1698194e+002
  2.3335714e+002
  2.8585714e+002
 -2.6864655e+002
  8.7212404e+001
  1.1149114e+002
  8.2216857e+001
 -5.2557671e+001
 -2.7011330e+002
  2.0114286e+002
  2.9821429e+002
 -0.0000000e+000
 -0.0000000e+000
 -2.2293359e+002
 -0.0000000e+000
  0.0000000e+000
 -2.2293236e+002
  2.4900000e+002
  3.0585714e+002
  9.8269191e+001
  4.6006089e+001
  7.3964668e+001
 -1.5575567e+001
  3.0389019e+001
 -1.1698194e+002
  2.3492857e+002
  2.8521429e+002
 -2.6864655e+002
  8.7212404e+001
  1.1149114e+002
  8.2216857e+001
 -5.2557671e+001
 -2.7011330e+002
  2.1114286e+002
  3.0000000e+002
 -0.0000000e+000
 -0.0000000e+000
 -2.2293359e+002
 -0.0000000e+000
  0.0000000e+000
 -2.2293236e+002
  2.4550000e+002
  3.0521429e+002
  9.8269191e+001
  4.6006089e+001
  7.3964668e+001
 -1.5575567e+001
  3.0389019e+001
 -1.1698194e+002
  2.3457143e+002
  2.8750000e+002
 -2.6864655e+002
  8.7212404e+001
  1.1149114e+002
  8.2216857e+001
 -5.2557671e+001
 -2.7011330e+002
  2.1757143e+002
  2.8900000e+002
 -0.0000000e+000
 -0.0000000e+000
 -2.2293359e+002
 -0.0000000e+000
  0.0000000e+000
 -2.2293236e+002
  2.3750000e+002
  3.0564286e+002
  9.8269191e+001
  4.6006089e+001
  7.3964668e+001
 -1.5575567e+001
  3.0389019e+001
 -1.1698194e+002
  2.3114286e+002
  2.9392857e+002
 -2.6864655e+002
  8.7212404e+001
  1.1149114e+002
  8.2216857e+001
 -5.2557671e+001
 -2.7011330e+002
  2.3771429e+002
  2.8828571e+002
 -0.0000000e+000
 -0.0000000e+000
 -2.2293359e+002
 -0.0000000e+000
  0.0000000e+000
 -2.2293236e+002
  2.2957143e+002
  3.0607143e+002
