 206
 427
 214
 373
 234
 332
 244
 339
 244
 386
 276
 429
 285
 338
 277
 294
 267
 260
 232
 258
 214
 288
 193
 304
 254
 246
 255
 209
 239
 525
 254
 415
 236
 353
 181
 354
 191
 428
 163
 562
 188
 369
 193
 292
 227
 215
 206
 173
 264
 237
 314
 271
 238
 158
 235
  75
 288
 516
 266
 422
 239
 343
 271
 341
 260
 422
 208
 482
 190
 328
 198
 271
 196
 214
 279
 197
 284
 276
 262
 320
 233
 191
 227
 121
 210
 428
 217
 374
 236
 334
 243
 339
 237
 383
 268
 429
 281
 335
 277
 297
 266
 259
 233
 257
 216
 289
 196
 308
 254
 247
 257
 209
 244
 536
 260
 424
 242
 359
 189
 358
 198
 432
 170
 555
 208
 375
 210
 301
 234
 218
 205
 176
 258
 242
 307
 284
 244
 163
 243
  83
 283
 517
 264
 423
 241
 341
 276
 341
 271
 423
 213
 473
 189
 332
 197
 275
 196
 215
 280
 195
 288
 275
 271
 321
 233
 190
 225
 121
 215
 428
 221
 375
 238
 335
 242
 338
 231
 379
 261
 429
 278
 331
 278
 299
 265
 257
 235
 256
 219
 290
 199
 311
 255
 247
 259
 209
 250
 546
 266
 432
 249
 364
 197
 360
 205
 436
 178
 547
 228
 379
 227
 309
 242
 220
 207
 178
 252
 245
 299
 295
 250
 167
 252
  90
 276
 517
 260
 426
 241
 341
 278
 341
 281
 424
 220
 470
 186
 337
 194
 279
 195
 216
 279
 195
 291
 275
 280
 323
 233
 190
 223
 121
 218
 428
 223
 375
 239
 336
 240
 338
 223
 375
 252
 429
 273
 327
 277
 300
 264
 256
 235
 256
 220
 291
 201
 314
 254
 246
 257
 208
 256
 548
 274
 432
 256
 361
 206
 354
 214
 431
 186
 531
 252
 375
 245
 308
 251
 214
 211
 173
 248
 241
 291
 298
 259
 164
 261
  89
 269
 515
 255
 429
 241
 341
 279
 340
 290
 423
 231
 471
 182
 340
 191
 281
 194
 215
 278
 195
 295
 274
 293
 326
 235
 191
 224
 123
 222
 429
 226
 377
 240
 338
 238
 338
 217
 374
 245
 430
 268
 323
 275
 300
 262
 255
 234
 256
 222
 293
 203
 318
 254
 247
 256
 208
 264
 550
 283
 432
 265
 358
 216
 349
 223
 426
 195
 520
 277
 369
 262
 307
 261
 209
 218
 170
 246
 237
 281
 298
 269
 161
 272
  88
 258
 512
 248
 433
 238
 342
 277
 340
 296
 422
 243
 477
 174
 342
 184
 282
 190
 213
 274
 196
 297
 272
 303
 328
 234
 193
 223
 125
 224
 429
 227
 378
 240
 340
 236
 338
 211
 372
 236
 430
 263
 319
 272
 298
 260
 254
 233
 255
 222
 294
 205
 321
 252
 246
 253
 208
 258
 552
 278
 432
 259
 354
 211
 344
 219
 422
 188
 514
 289
 362
 263
 306
 257
 204
 213
 168
 230
 233
 256
 298
 265
 158
 268
  86
 248
 511
 240
 436
 234
 343
 274
 340
 299
 421
 258
 484
 167
 341
 178
 281
 186
 213
 270
 198
 298
 271
 311
 330
 229
 194
 219
 126
 227
 429
 230
 379
 241
 341
 234
 338
 206
 371
 230
 430
 259
 314
 271
 296
 259
 253
 232
 254
 223
 296
 207
 324
 252
 246
 251
 207
 250
 553
 271
 431
 250
 350
 204
 338
 212
 418
 179
 512
 298
 353
 261
 303
 251
 199
 207
 167
 214
 228
 229
 296
 260
 156
 262
  84
 238
 511
 233
 436
 229
 342
 272
 339
 301
 419
 276
 489
 161
 335
 172
 277
 182
 212
 267
 198
 298
 268
 317
 329
 225
 195
 216
 127
 233
 428
 234
 379
 244
 341
 234
 338
 205
 371
 225
 430
 257
 310
 272
 293
 261
 252
 235
 254
 226
 296
 212
 327
 253
 245
 253
 207
 243
 555
 265
 429
 241
 346
 197
 333
 206
 414
 172
 508
 305
 343
 256
 299
 244
 194
 202
 166
 199
 224
 203
 292
 256
 153
 256
  82
 228
 511
 226
 434
 223
 340
 270
 336
 301
 416
 296
 492
 156
 326
 167
 271
 179
 212
 264
 197
 297
 263
 321
 327
 221
 194
 214
 126
 237
 427
 237
 379
 246
 342
 234
 338
 204
 373
 221
 431
 256
 308
 273
 292
 263
 253
 236
 254
 227
 297
 216
 330
 251
 243
 253
 206
 238
 557
 261
 429
 233
 343
 190
 328
 201
 411
 169
 500
 309
 332
 250
 296
 240
 191
 200
 166
 187
 221
 180
 290
 253
 153
 252
  80
 221
 512
 221
 431
 219
 338
 270
 334
 301
 414
 316
 495
 153
 317
 165
 267
 177
 212
 264
 196
 298
 260
 324
 324
 220
 193
 215
 125
 239
 425
 238
 379
 246
 342
 232
 338
 203
 375
 216
 431
 254
 306
 274
 292
 264
 254
 237
 254
 226
 297
 219
 332
 250
 243
 253
 207
 238
 559
 261
 428
 228
 339
 187
 324
 200
 408
 171
 490
 313
 321
 245
 291
 239
 188
 202
 166
 181
 218
 164
 286
 254
 151
 251
  78
 210
 513
 214
 428
 214
 337
 266
 333
 299
 413
 330
 496
 148
 310
 160
 264
 174
 213
 261
 197
 295
 258
 324
 321
 217
 192
 214
 124
 240
 423
 238
 378
 246
 341
 229
 337
 202
 378
 210
 431
 252
 305
 275
 292
 265
 255
 236
 255
 224
 297
 220
 334
 249
 243
 253
 207
 244
 562
 269
 428
 229
 336
 190
 320
 206
 407
 179
 482
 319
 313
 245
 288
 245
 187
 211
 168
 183
 217
 158
 284
 261
 152
 256
  76
 196
 513
 204
 425
 208
 335
 259
 332
 294
 412
 338
 498
 140
 306
 153
 264
 169
 214
 256
 199
 290
 258
 320
 318
 212
 193
 211
 124
 241
 421
 238
 377
 245
 340
 226
 337
 201
 381
 205
 431
 250
 306
 276
 293
 266
 256
 236
 255
 221
 297
 220
 335
 250
 244
 252
 206
 249
 563
 275
 426
 227
 331
 192
 316
 210
 405
 183
 477
 322
 310
 247
 288
 250
 187
 217
 167
 186
 215
 156
 280
 265
 151
 259
  74
 185
 513
 195
 423
 205
 335
 253
 332
 290
 413
 342
 501
 135
 307
 150
 267
 166
 215
 252
 203
 287
 261
 317
 318
 208
 194
 208
 125
 242
 418
 238
 375
 244
 338
 223
 336
 201
 382
 200
 431
 250
 306
 277
 294
 267
 257
 235
 255
 219
 296
 220
 335
 253
 245
 252
 206
 254
 566
 279
 426
 223
 328
 192
 314
 213
 404
 185
 476
 318
 312
 249
 293
 252
 188
 221
 168
 189
 214
 159
 279
 267
 151
 261
  72
 176
 512
 190
 420
 206
 334
 251
 331
 290
 413
 343
 502
 134
 308
 150
 270
 167
 215
 252
 206
 286
 264
 315
 317
 206
 195
 208
 125
 246
 417
 241
 375
 246
 339
 224
 336
 204
 384
 198
 432
 253
 308
 280
 296
 270
 259
 237
 256
 219
 296
 221
 336
 256
 246
 254
 206
 262
 568
 283
 426
 220
 325
 194
 312
 217
 403
 187
 479
 309
 317
 249
 299
 255
 190
 226
 169
 194
 214
 168
 278
 269
 151
 262
  70
 168
 511
 187
 419
 207
 334
 251
 331
 290
 414
 341
 503
 137
 310
 154
 273
 169
 215
 254
 209
 287
 268
 314
 320
 207
 197
 208
 127
 248
 416
 243
 375
 247
 338
 224
 336
 204
 382
 196
 432
 254
 310
 281
 297
 271
 259
 235
 255
 218
 296
 220
 335
 255
 244
 253
 206
 272
 568
 284
 426
 219
 323
 198
 311
 222
 404
 193
 484
 293
 320
 241
 302
 257
 191
 232
 170
 202
 216
 184
 278
 271
 152
 265
  69
 161
 511
 185
 419
 208
 334
 253
 331
 291
 416
 334
 503
 144
 313
 162
 275
 174
 215
 258
 212
 289
 273
 313
 327
 208
 198
 208
 127
 252
 415
 247
 374
 251
 337
 226
 336
 206
 378
 195
 431
 259
 311
 283
 297
 273
 258
 235
 254
 218
 295
 218
 332
 255
 242
 255
 206
 279
 568
 281
 427
 216
 322
 200
 310
 225
 405
 197
 488
 275
 321
 228
 298
 256
 192
 235
 171
 207
 219
 201
 279
 269
 153
 264
  69
 153
 510
 182
 418
 206
 333
 255
 330
 290
 416
 325
 501
 152
 313
 170
 273
 177
 213
 261
 212
 289
 276
 309
 335
 209
 199
 208
 128
 256
 417
 252
 374
 254
 337
 228
 336
 209
 375
 195
 431
 263
 313
 282
 296
 273
 256
 232
 252
 219
 295
 216
 330
 254
 241
 255
 206
 279
 569
 271
 428
 210
 322
 199
 311
 222
 406
 199
 494
 255
 322
 211
 291
 248
 193
 232
 172
 206
 222
 214
 281
 260
 153
 257
  69
 154
 511
 186
 418
 209
 332
 263
 329
 293
 417
 323
 501
 166
 312
 184
 270
 185
 210
 268
 210
 294
 279
 309
 344
 216
 199
 214
 127
 261
 420
 258
 376
 258
 338
 231
 338
 212
 373
 196
 432
 268
 316
 282
 296
 273
 255
 230
 252
 221
 296
 214
 328
 253
 240
 254
 206
 277
 569
 265
 429
 211
 321
 204
 311
 225
 407
 207
 499
 243
 321
 200
 280
 244
 192
 235
 171
 211
 225
 233
 281
 256
 152
 255
  68
 159
 511
 188
 415
 212
 329
 266
 327
 293
 416
 319
 501
 178
 311
 196
 265
 190
 207
 272
 208
 297
 279
 306
 347
 222
 198
 219
 127
 263
 422
 262
 376
 259
 337
 232
 337
 213
 370
 196
 432
 270
 316
 281
 294
 271
 253
 227
 252
 220
 295
 210
 325
 251
 239
 252
 205
 277
 570
 268
 430
 224
 321
 221
 312
 238
 407
 223
 503
 242
 319
 200
 271
 249
 190
 247
 171
 226
 228
 258
 281
 262
 151
 264
  67
 167
 511
 187
 411
 214
 327
 263
 326
 288
 415
 311
 504
 184
 309
 202
 260
 190
 205
 272
 206
 296
 280
 300
 348
 222
 196
 220
 126
 264
 427
 264
 378
 260
 339
 232
 339
 214
 371
 197
 433
 271
 317
 281
 295
 270
 254
 226
 255
 219
 295
 207
 323
 248
 240
 250
 205
 265
 571
 268
 430
 237
 321
 237
 312
 249
 408
 236
 508
 240
 315
 199
 264
 250
 187
 256
 169
 240
 232
 279
 281
 267
 150
 271
  66
 176
 510
 185
 410
 214
 327
 258
 327
 281
 417
 302
 510
 186
 308
 204
 256
 188
 205
 268
 207
 293
 281
 291
 347
 221
 195
 220
 127
 264
 430
 266
 379
 259
 340
 231
 339
 213
 371
 197
 433
 272
 317
 281
 295
 269
 255
 225
 257
 217
 296
 203
 321
 246
 240
 248
 205
 241
 569
 262
 433
 245
 323
 247
 315
 251
 409
 238
 513
 232
 314
 193
 263
 243
 186
 259
 170
 248
 239
 285
 281
 267
 151
 272
  68
 189
 505
 184
 407
 214
 325
 254
 327
 275
 417
 294
 512
 185
 306
 204
 252
 187
 204
 266
 206
 289
 280
 282
 343
 220
 192
 220
 125
 265
 433
 267
 381
 258
 341
 230
 340
 213
 373
 197
 433
 272
 317
 281
 296
 268
 256
 224
 258
 214
 297
 200
 321
 245
 242
 247
 204
 216
 566
 257
 438
 251
 328
 255
 321
 255
 412
 241
 521
 228
 314
 189
 266
 237
 187
 260
 172
 255
 247
 288
 283
 268
 153
 273
  72
 208
 496
 189
 405
 219
 324
 258
 329
 274
 418
 291
 513
 186
 303
 208
 249
 193
 203
 269
 206
 291
 280
 280
 339
 225
 192
 225
 124
 265
 433
 267
 384
 256
 342
 228
 341
 211
 375
 197
 434
 271
 316
 280
 297
 267
 258
 223
 259
 212
 299
 197
 322
 244
 243
 246
 204
 191
 562
 253
 445
 254
 334
 260
 327
 262
 417
 249
 529
 227
 317
 187
 272
 233
 191
 260
 176
 262
 257
 291
 287
 269
 157
 272
  76
 225
 486
 194
 407
 222
 325
 262
 332
 273
 421
 288
 514
 185
 303
 209
 250
 198
 205
 272
 209
 292
 282
 277
 337
 228
 193
 227
 124
 267
 431
 268
 385
 256
 343
 228
 341
 212
 376
 199
 433
 272
 315
 281
 299
 269
 259
 224
 258
 211
 300
 197
 322
 246
 244
 249
 204
 175
 558
 258
 452
 260
 340
 268
 333
 279
 421
 272
 536
 236
 320
 194
 279
 237
 196
 265
 180
 274
 265
 302
 293
 277
 160
 276
  79
 240
 477
 200
 407
 224
 326
 267
 335
 272
 422
 286
 514
 184
 301
 211
 251
 204
 205
 276
 210
 294
 283
 278
 335
 231
 193
 229
 123
 268
 430
 266
 387
 254
 343
 226
 341
 210
 377
 199
 432
 271
 315
 281
 301
 269
 260
 223
 257
 209
 301
 196
 324
 247
 246
 250
 205
 163
 555
 262
 460
 263
 346
 275
 340
 301
 425
 297
 543
 251
 325
 205
 288
 245
 203
 271
 186
 286
 274
 315
 301
 286
 165
 281
  83
 249
 472
 204
 408
 223
 329
 266
 338
 269
 423
 283
 515
 181
 301
 210
 255
 207
 206
 278
 212
 296
 285
 280
 336
 232
 195
 230
 123
 269
 432
 265
 389
 254
 344
 225
 341
 209
 378
 199
 430
 269
 314
 281
 304
 270
 261
 224
 258
 209
 302
 196
 326
 248
 247
 251
 206
 153
 551
 260
 468
 261
 353
 278
 347
 319
 428
 312
 545
 265
 331
 215
 296
 252
 209
 275
 190
 294
 280
 324
 309
 290
 169
 284
  87
 256
 470
 208
 408
 222
 331
 263
 339
 266
 422
 281
 516
 179
 301
 209
 260
 209
 205
 279
 213
 298
 286
 283
 337
 230
 193
 229
 121
 270
 432
 263
 386
 254
 340
 225
 337
 208
 373
 199
 425
 267
 311
 281
 303
 272
 258
 225
 255
 210
 299
 197
 324
 250
 245
 253
 205
 146
 547
 247
 472
 255
 358
 279
 353
 331
 427
 321
 543
 278
 336
 224
 303
 257
 215
 278
 193
 299
 282
 328
 314
 291
 173
 285
  90
 262
 471
 214
 407
 223
 333
 260
 340
 262
 421
 278
 517
 177
 303
 207
 265
 209
 204
 279
 214
 301
 288
 288
 339
 228
 191
 228
 120
 268
 433
 260
 383
 253
 335
 223
 332
 206
 368
 197
 418
 263
 307
 280
 302
 273
 257
 224
 252
 210
 294
 197
 321
 249
 243
 252
 204
 140
 544
 230
 475
 244
 364
 277
 360
 338
 425
 326
 543
 286
 342
 229
 310
 258
 220
 279
 196
 299
 284
 322
 317
 290
 178
 283
  94
 269
 473
 223
 407
 227
 336
 259
 340
 258
 418
 274
 516
 174
 306
 204
 268
 206
 202
 279
 214
 303
 288
 292
 340
 227
 190
 229
 121
 269
 435
 259
 380
 255
 330
 224
 327
 206
 362
 197
 412
 260
 303
 280
 300
 276
 257
 226
 249
 214
 290
 199
 318
 251
 240
 254
 203
 136
 539
 214
 474
 234
 367
 273
 364
 341
 420
 328
 540
 292
 346
 233
 314
 256
 222
 278
 196
 293
 280
 310
 316
 288
 179
 280
  97
 275
 476
 233
 406
 233
 337
 261
 339
 256
 413
 270
 515
 172
 311
 200
 270
 203
 201
 278
 213
 306
 287
 296
 340
 228
 190
 230
 122
 267
 435
 257
 379
 256
 328
 225
 324
 206
 358
 197
 408
 258
 301
 281
 300
 278
 260
 227
 249
 217
 287
 201
 315
 251
 238
 255
 203
 136
 535
 206
 469
 227
 365
 269
 362
 342
 413
 331
 538
 297
 348
 237
 316
 255
 223
 277
 194
 286
 274
 295
 309
 287
 179
 278
  99
 282
 480
 243
 406
 240
 338
 266
 338
 257
 410
 269
 513
 170
 316
 197
 272
 199
 202
 277
 213
 308
 285
 299
 339
 228
 191
 228
 124
 266
 434
 257
 377
 256
 325
 225
 320
 204
 353
 196
 405
 256
 300
 281
 297
 278
 259
 227
 247
 219
 283
 203
 313
 250
 236
 256
 203
 137
 534
 204
 465
 223
 362
 264
 359
 341
 408
 333
 536
 300
 352
 240
 318
 255
 224
 276
 194
 277
 267
 280
 302
 286
 180
 278
 102
 285
 482
 250
 405
 246
 337
 271
 336
 260
 406
 270
 510
 170
 319
 194
 273
 197
 204
 275
 213
 308
 283
 303
 338
 229
 194
 227
 127
 266
 434
 258
 378
 257
 324
 225
 318
 203
 351
 196
 404
 256
 300
 282
 296
 278
 258
 229
 247
 222
 281
 207
 312
 251
 236
 257
 203
 140
 536
 206
 461
 221
 357
 260
 354
 338
 402
 332
 534
 301
 353
 241
 317
 254
 223
 274
 194
 267
 257
 264
 293
 287
 180
 277
 102
 285
 487
 254
 407
 249
 338
 275
 336
 264
 405
 273
 509
 171
 322
 191
 277
 196
 212
 272
 213
 307
 281
 305
 337
 228
 197
 224
 129
 266
 434
 259
 380
 257
 325
 226
 319
 202
 351
 195
 407
 257
 303
 283
 296
 278
 258
 230
 248
 224
 281
 211
 313
 252
 238
 259
 204
 145
 538
 209
 455
 221
 350
 258
 346
 333
 395
 329
 527
 301
 350
 243
 313
 255
 219
 274
 192
 257
 244
 249
 283
 288
 175
 278
  99
 279
 489
 251
 408
 246
 338
 274
 335
 265
 404
 274
 507
 171
 319
 187
 278
 195
 219
 267
 212
 304
 276
 307
 334
 224
 198
 219
 130
 267
 435
 261
 382
 258
 328
 227
 320
 201
 353
 192
 411
 258
 306
 285
 297
 277
 258
 231
 250
 226
 282
 214
 315
 253
 239
 259
 203
 149
 543
 212
 451
 223
 343
 257
 338
 328
 390
 321
 517
 300
 347
 242
 308
 255
 214
 273
 191
 249
 232
 237
 274
 291
 170
 279
  95
 269
 491
 244
 410
 239
 339
 271
 336
 264
 405
 277
 506
 168
 317
 181
 279
 190
 224
 263
 209
 301
 269
 310
 328
 218
 200
 214
 132
 269
 435
 264
 383
 259
 329
 228
 321
 202
 354
 191
 415
 261
 308
 287
 297
 278
 257
 233
 250
 228
 283
 218
 317
 255
 240
 260
 202
 154
 548
 213
 446
 227
 334
 260
 328
 323
 383
 310
 501
 301
 340
 243
 300
 259
 208
 274
 188
 243
 219
 230
 266
 296
 163
 284
  89
 257
 490
 235
 410
 229
 340
 264
 337
 262
 407
 282
 504
 164
 315
 175
 278
 183
 225
 259
 206
 297
 262
 313
 322
 210
 200
 208
 133
 271
 436
 267
 384
 260
 332
 229
 323
 202
 357
 189
 420
 264
 310
 289
 299
 278
 258
 234
 252
 229
 285
 219
 320
 255
 240
 259
 202
 159
 553
 215
 444
 232
 329
 265
 322
 319
 379
 299
 486
 303
 334
 245
 293
 264
 204
 277
 188
 241
 211
 229
 264
 303
 159
 291
  84
 246
 487
 227
 411
 219
 342
 257
 339
 261
 410
 292
 502
 163
 315
 172
 277
 178
 225
 254
 206
 293
 260
 314
 318
 206
 202
 206
 136
 275
 436
 269
 381
 262
 332
 231
 324
 203
 358
 187
 422
 268
 310
 290
 298
 278
 257
 234
 250
 228
 284
 218
 320
 257
 238
 260
 201
 161
 555
 216
 443
 237
 331
 271
 322
 316
 381
 287
 475
 304
 330
 244
 288
 269
 204
 281
 194
 242
 209
 234
 270
 310
 160
 299
  82
 238
 483
 220
 411
 212
 343
 253
 341
 263
 413
 305
 500
 163
 314
 172
 276
 174
 223
 250
 208
 291
 261
 315
 316
 203
 202
 206
 138
 278
 436
 272
 379
 263
 331
 231
 325
 204
 361
 187
 424
 271
 308
 291
 298
 280
 257
 234
 249
 228
 284
 215
 321
 258
 238
 261
 201
 161
 556
 219
 445
 239
 337
 274
 326
 312
 388
 276
 470
 304
 330
 242
 287
 274
 208
 285
 204
 245
 216
 245
 286
 317
 166
 306
  82
 229
 478
 209
 410
 206
 343
 249
 342
 263
 414
 316
 497
 161
 314
 171
 274
 170
 219
 245
 211
 288
 263
 314
 315
 200
 203
 205
 140
 281
 436
 274
 377
 262
 331
 231
 326
 203
 364
 186
 425
 273
 308
 291
 299
 280
 258
 234
 249
 225
 285
 210
 323
 257
 239
 260
 202
 158
 553
 222
 446
 237
 342
 271
 330
 305
 394
 263
 466
 296
 330
 236
 286
 274
 209
 285
 212
 247
 224
 258
 303
 319
 172
 310
  85
 218
 476
 193
 411
 201
 342
 247
 345
 261
 415
 321
 495
 156
 317
 167
 274
 164
 218
 240
 218
 285
 269
 310
 317
 192
 204
 198
 143
 284
 435
 276
 376
 263
 332
 231
 328
 202
 367
 187
 425
 277
 310
 291
 298
 280
 260
 233
 250
 221
 286
 205
 324
 256
 241
 260
 203
 157
 546
 230
 447
 236
 347
 270
 334
 302
 400
 253
 463
 285
 331
 230
 285
 277
 208
 288
 219
 254
 233
 273
 320
 321
 178
 314
  91
 212
 474
 178
 412
 204
 338
 252
 346
 264
 413
 325
 492
 153
 320
 166
 275
 163
 218
 243
 225
 289
 274
 312
 319
 189
 206
 194
 146
 286
 432
 277
 376
 262
 333
 231
 330
 199
 370
 187
 424
 280
 314
 290
 298
 277
 261
 231
 253
 216
 289
 198
 325
 253
 245
 257
 206
 157
 538
 239
 448
 233
 349
 267
 334
 297
 402
 244
 460
 269
 336
 223
 286
 277
 205
 289
 222
 261
 242
 278
 328
 321
 183
 316
  99
 206
 470
 166
 411
 206
 336
 252
 344
 269
 412
 326
 489
 152
 323
 168
 278
 164
 220
 247
 232
 293
 278
 316
 325
 188
 209
 190
 149
 287
 427
 275
 376
 262
 336
 232
 333
 198
 373
 188
 423
 284
 323
 289
 297
 274
 264
 229
 258
 210
 295
 192
 328
 251
 253
 255
 211
 159
 530
 250
 448
 229
 350
 262
 334
 294
 402
 235
 458
 250
 344
 214
 289
 275
 209
 290
 224
 269
 251
 278
 330
 319
 189
 316
 107
 199
 461
 159
 406
 201
 336
 242
 338
 274
 414
 326
 485
 152
 324
 171
 281
 167
 223
 247
 236
 291
 279
 320
 335
 191
 212
 188
 152
 289
 421
 273
 376
 263
 338
 234
 335
 197
 372
 189
 422
 289
 330
 288
 296
 271
 266
 227
 263
 206
 302
 188
 331
 249
 259
 252
 215
 163
 525
 259
 449
 224
 351
 257
 334
 291
 401
 228
 458
 230
 357
 205
 294
 272
 219
 290
 226
 276
 260
 279
 330
 313
 196
 314
 113
 191
 453
 154
 400
 199
 336
 240
 337
 278
 418
 327
 481
 151
 324
 174
 286
 169
 228
 242
 239
 283
 280
 316
 348
 194
 218
 186
 157
 288
 413
 270
 373
 264
 339
 236
 335
 197
 369
 188
 419
 292
 331
 288
 292
 268
 264
 224
 265
 203
 307
 186
 330
 248
 260
 251
 218
 169
 522
 264
 446
 217
 350
 249
 331
 287
 394
 219
 456
 209
 367
 195
 297
 267
 228
 287
 225
 280
 267
 284
 329
 306
 202
 309
 116
 180
 448
 148
 393
 199
 335
 242
 339
 280
 419
 329
 477
 148
 322
 169
 286
 165
 230
 232
 239
 270
 279
 296
 356
 190
 220
 180
 160
 284
 410
 266
 369
 263
 339
 236
 334
 196
 367
 184
 419
 293
 329
 287
 288
 264
 261
 221
 267
 201
 307
 186
 328
 244
 254
 247
 218
 178
 523
 263
 440
 208
 346
 239
 326
 280
 380
 208
 451
 189
 371
 184
 294
 257
 228
 282
 222
 281
 270
 294
 326
 297
 200
 300
 114
 172
 452
 142
 388
 199
 335
 242
 341
 282
 418
 336
 474
 147
 321
 164
 286
 161
 234
 223
 240
 257
 280
 270
 363
 185
 223
 176
 164
 280
 410
 265
 366
 265
 337
 238
 331
 197
 366
 180
 420
 297
 325
 290
 284
 265
 257
 222
 266
 205
 299
 192
 326
 246
 250
 248
 217
 189
 528
 256
 430
 197
 340
 228
 319
 268
 369
 197
 444
 171
 366
 173
 284
 246
 223
 274
 216
 278
 271
 307
 323
 289
 195
 290
 110
 164
 460
 135
 384
 195
 335
 236
 341
 282
 413
 343
 472
 143
 320
 156
 284
 153
 233
 212
 239
 243
 281
 240
 366
 177
 223
 170
 165
 274
 413
 265
 364
 267
 335
 241
 329
 200
 367
 177
 421
 301
 321
 294
 281
 267
 254
 224
 265
 209
 292
 198
 323
 250
 250
 250
 217
 201
 533
 248
 424
 189
 333
 219
 312
 249
 369
 188
 437
 161
 357
 167
 272
 236
 216
 268
 211
 274
 269
 316
 321
 283
 189
 281
 105
 162
 473
 129
 386
 190
 337
 229
 342
 280
 410
 349
 474
 138
 322
 148
 284
 146
 233
 204
 241
 231
 286
 214
 370
 168
 222
 163
 163
 264
 415
 265
 365
 268
 336
 242
 330
 202
 370
 176
 418
 301
 320
 297
 281
 269
 255
 226
 266
 212
 291
 203
 323
 251
 249
 251
 219
 208
 535
 241
 425
 183
 331
 213
 309
 226
 385
 182
 432
 162
 350
 166
 267
 230
 214
 266
 209
 270
 269
 315
 321
 280
 186
 274
 103
 167
 481
 128
 386
 187
 335
 225
 339
 277
 404
 350
 473
 131
 320
 142
 279
 139
 224
 198
 238
 225
 289
 200
 369
 162
 216
 158
 157
 256
 417
 263
 367
 267
 337
 241
 332
 204
 371
 178
 413
 299
 321
 298
 284
 269
 257
 227
 267
 213
 292
 206
 324
 252
 249
 251
 221
 203
 532
 238
 434
 179
 333
 212
 311
 222
 396
 180
 430
 175
 347
 169
 272
 227
 218
 266
 210
 265
 270
 308
 326
 280
 189
 271
 106
 183
 484
 135
 389
 188
 332
 227
 335
 276
 402
 348
 475
 130
 321
 144
 275
 141
 220
 201
 237
 229
 296
 208
 368
 164
 214
 162
 154
 247
 415
 260
 368
 262
 337
 236
 332
 203
 366
 183
 408
 291
 321
 295
 286
 267
 258
 225
 267
 210
 294
 203
 323
 249
 249
 248
 222
 197
 526
 240
 443
 178
 337
 215
 317
 237
 400
 183
 432
 195
 350
 177
 283
 229
 227
 272
 215
 262
 274
 300
 332
 283
 196
 272
 111
 209
 483
 151
 393
 199
 331
 238
 333
 277
 403
 340
 477
 137
 323
 155
 274
 152
 224
 212
 238
 247
 307
 239
 368
 174
 215
 174
 155
 241
 413
 254
 370
 256
 338
 229
 334
 201
 361
 189
 408
 281
 324
 289
 290
 261
 262
 220
 268
 205
 297
 196
 325
 244
 254
 243
 225
 196
 519
 245
 446
 181
 342
 223
 324
 262
 400
 191
 440
 214
 359
 188
 296
 237
 238
 281
 222
 265
 280
 297
 337
 289
 205
 278
 118
 235
 477
 168
 396
 216
 331
 252
 333
 277
 405
 328
 479
 150
 325
 169
 272
 167
 231
 227
 240
 271
 315
 269
 374
 189
 219
 190
 159
 243
 410
 253
 370
 253
 338
 225
 334
 200
 356
 198
 411
 277
 327
 285
 294
 260
 265
 219
 268
 202
 298
 193
 326
 242
 255
 242
 226
 196
 514
 249
 444
 183
 344
 229
 329
 282
 399
 198
 454
 218
 369
 193
 302
 243
 245
 286
 226
 268
 285
 295
 337
 294
 212
 283
 124
 247
 468
 177
 394
 228
 330
 258
 334
 273
 407
 314
 478
 163
 326
 181
 272
 175
 234
 237
 242
 285
 313
 281
 378
 196
 222
 197
 160
 252
 404
 258
 366
 254
 333
 225
 329
 200
 351
 202
 414
 279
 326
 283
 294
 262
 264
 221
 263
 203
 295
 194
 323
 244
 253
 246
 224
 192
 510
 248
 438
 181
 341
 231
 328
 285
 398
 198
 469
 207
 376
 190
 299
 244
 245
 286
 225
 270
 285
 297
 337
 293
 212
 283
 127
 239
 458
 174
 389
 221
 326
 258
 334
 264
 407
 304
 477
 173
 327
 186
 274
 173
 231
 238
 245
 275
 296
 268
 369
 192
 224
 194
 160
 261
 398
 262
 360
 254
 328
 223
 325
 196
 349
 199
 417
 281
 324
 281
 293
 262
 264
 222
 259
 203
 291
 199
 318
 244
 250
 247
 221
 179
 511
 237
 432
 175
 336
 224
 323
 265
 400
 188
 476
 181
 378
 176
 290
 236
 239
 279
 220
 270
 284
 302
 339
 285
 207
 274
 127
 217
 452
 165
 383
 219
 324
 258
 330
 263
 409
 312
 477
 180
 331
 189
 283
 172
 234
 231
 247
 257
 290
 244
 354
 186
 228
 187
 161
 272
 397
 267
 357
 255
 326
 222
 323
 194
 352
 191
 418
 287
 326
 281
 294
 264
 264
 223
 256
 203
 288
 210
 309
 244
 249
 251
 220
 171
 515
 232
 426
 177
 327
 222
 313
 255
 390
 180
 462
 158
 373
 165
 276
 233
 228
 279
 211
 282
 277
 320
 335
 282
 195
 272
 122
 185
 452
 150
 379
 217
 326
 255
 330
 271
 415
 327
 478
 177
 338
 185
 296
 167
 241
 213
 247
 233
 296
 212
 341
 173
 230
 172
 160
 283
 402
 273
 359
 256
 328
 222
 326
 194
 359
 183
 419
 295
 331
 284
 296
 267
 266
 226
 258
 204
 289
 222
 304
 247
 251
 254
 219
 165
 522
 229
 422
 185
 320
 224
 305
 251
 376
 176
 439
 140
 364
 157
 264
 234
 218
 284
 203
 301
 264
 338
 318
 284
 185
 274
 116
 157
 455
 135
 381
 209
 329
 246
 338
 286
 421
 342
 477
 163
 345
 175
 305
 158
 242
 193
 246
 212
 307
 183
 335
 159
 232
 156
 160
 289
 411
 276
 365
 255
 333
 220
 331
 194
 366
 175
 419
 302
 339
 287
 298
 269
 269
 226
 260
 203
 291
 223
 307
 251
 251
 256
 219
 158
 530
 226
 422
 194
 317
 227
 301
 242
 365
 175
 416
 129
 352
 151
 258
 235
 213
 291
 198
 317
 244
 349
 302
 287
 179
 276
 107
 147
 465
 126
 392
 195
 342
 227
 352
 278
 422
 351
 473
 147
 355
 165
 314
 152
 243
 177
 247
 202
 317
 169
 345
 150
 236
 145
 164
 289
 418
 276
 369
 253
 336
 219
 334
 197
 369
 169
 411
 308
 343
 290
 299
 270
 269
 226
 260
 204
 290
 209
 315
 256
 251
 260
 219
 151
 535
 223
 424
 203
 318
 235
 303
 247
 370
 183
 401
 127
 341
 150
 261
 239
 213
 300
 199
 323
 240
 350
 293
 293
 180
 280
 102
 154
 472
 128
 403
 174
 353
 216
 361
 264
 429
 349
 462
 128
 361
 153
 317
 143
 240
 164
 245
 200
 313
 177
 362
 142
 236
 135
 166
 283
 421
 273
 370
 250
 333
 217
 332
 199
 366
 169
 398
 309
 342
 291
 298
 271
 266
 226
 257
 204
 282
 194
 312
 254
 249
 263
 217
 148
 535
 223
 427
 211
 318
 247
 306
 269
 386
 201
 393
 133
 348
 161
 271
 248
 216
 310
 199
 318
 230
 345
 279
 304
 185
 289
 103
 191
 474
 155
 408
 193
 348
 229
 361
 259
 431
 353
 446
 124
 360
 157
 312
 149
 235
 173
 238
 223
 296
 237
 355
 152
 229
 142
 164
 268
 421
 265
 370
 246
 329
 215
 329
 198
 359
 173
 384
 305
 337
 289
 298
 269
 263
 224
 253
 203
 273
 182
 299
 250
 248
 264
 217
 147
 528
 226
 429
 220
 317
 261
 309
 301
 400
 228
 392
 170
 358
 185
 283
 264
 218
 322
 199
 313
 211
 331
 244
 316
 191
 297
 109
 234
 474
 186
 410
 214
 348
 242
 356
 244
 422
 349
 434
 128
 360
 166
 308
 157
 235
 192
 233
 253
 273
 297
 326
 167
 225
 156
 164
 255
 422
 260
 371
 244
 324
 217
 325
 201
 351
 186
 373
 297
 330
 286
 301
 268
 262
 224
 250
 204
 263
 180
 284
 249
 245
 264
 215
 143
 517
 224
 435
 226
 319
 273
 315
 335
 409
 255
 400
 225
 371
 213
 299
 281
 224
 329
 200
 314
 191
 309
 199
 328
 197
 304
 120
 275
 472
 216
 412
 234
 352
 255
 353
 232
 416
 336
 430
 136
 361
 175
 306
 165
 241
 215
 232
 282
 251
 341
 286
 182
 224
 174
 165
 255
 423
 262
 374
 251
 322
 225
 323
 211
 346
 207
 372
 293
 325
 289
 305
 274
 263
 232
 250
 209
 258
 184
 273
 254
 244
 267
 215
 126
 507
 208
 448
 223
 332
 271
 329
 352
 410
 270
 425
 268
 390
 232
 319
 286
 237
 324
 210
 308
 180
 272
 161
 328
 207
 300
 130
 290
 472
 220
 417
 234
 350
 246
 355
 209
 422
 294
 440
 129
 365
 164
 311
 155
 250
 216
 237
 284
 237
 349
 253
 174
 228
 172
 166
 261
 421
 264
 374
 259
 325
 232
 323
 219
 341
 223
 380
 288
 322
 291
 302
 277
 261
 237
 248
 209
 258
 186
 270
 257
 244
 268
 216
 113
 501
 197
 464
 225
 350
 268
 344
 364
 409
 282
 458
 295
 410
 247
 337
 290
 250
 319
 221
 302
 174
 240
 136
 327
 212
 300
 137
 298
 468
 222
 423
 233
 343
 237
 348
 188
 410
 252
 458
 132
 368
 157
 317
 152
 255
 216
 242
 280
 229
 345
 232
 171
 234
 173
 169
 272
 420
 266
 376
 269
 334
 238
 327
 227
 343
 240
 396
 289
 327
 293
 300
 277
 261
 240
 250
 206
 264
 184
 274
 259
 247
 268
 218
 110
 505
 203
 481
 233
 370
 267
 359
 368
 419
 286
 500
 294
 427
 251
 349
 295
 263
 318
 234
 295
 175
 216
 133
 327
 216
 302
 141
 294
 456
 217
 422
 221
 354
 219
 354
 184
 405
 216
 472
 141
 361
 156
 313
 154
 251
 219
 238
 276
 221
 337
 218
 173
 232
 173
 165
 281
 416
 269
 376
 270
 339
 241
 331
 235
 354
 258
 407
 297
 335
 289
 298
 271
 260
 235
 251
 201
 272
 180
 283
 259
 249
 270
 221
 120
 499
 227
 471
 245
 366
 266
 350
 358
 423
 272
 519
 273
 418
 247
 334
 298
 250
 318
 222
 280
 161
 194
 133
 328
 198
 305
 119
 272
 444
 203
 420
 203
 347
 231
 349
 189
 414
 195
 478
 148
 352
 159
 299
 155
 244
 225
 231
 277
 218
 330
 216
 179
 226
 174
 160
 282
 410
 268
 374
 262
 339
 234
 332
 239
 372
 270
 415
 302
 339
 282
 296
 261
 259
 224
 251
 194
 279
 175
 293
 255
 251
 267
 222
 146
 504
 265
 460
 257
 361
 267
 342
 331
 434
 246
 535
 244
 407
 239
 318
 298
 238
 319
 212
 258
 160
 179
 156
 329
 185
 308
 102
 240
 443
 182
 421
 204
 334
 242
 332
 196
 427
 195
 479
 147
 345
 165
 285
 154
 242
 235
 228
 286
 229
 330
 234
 187
 222
 179
 158
 279
 399
 267
 367
 257
 332
 231
 329
 238
 379
 274
 417
 299
 330
 281
 292
 258
 256
 220
 248
 197
 283
 178
 299
 252
 247
 260
 220
 172
 521
 287
 449
 250
 358
 251
 340
 284
 449
 197
 542
 204
 401
 217
 312
 279
 233
 303
 208
 230
 178
 164
 203
 314
 183
 291
  95
 198
 451
 176
 419
 206
 346
 246
 356
 225
 431
 222
 482
 147
 336
 175
 289
 165
 239
 240
 225
 297
 250
 330
 267
 189
 218
 181
 156
 272
 391
 263
 360
 254
 326
 228
 327
 232
 381
 268
 417
 293
 321
 283
 290
 258
 254
 218
 247
 203
 288
 185
 307
 250
 244
 252
 220
 224
 542
 315
 442
 252
 354
 246
 341
 259
 456
 163
 535
 189
 394
 211
 311
 267
 230
 297
 207
 225
 210
 176
 259
 311
 186
 285
  95
 159
 466
 167
 411
 207
 346
 248
 364
 243
 436
 252
 484
 151
 328
 181
 290
 172
 234
 244
 225
 302
 275
 326
 308
 190
 214
 185
 154
 261
 392
 254
 361
 250
 328
 224
 332
 220
 383
 250
 414
 287
 323
 282
 296
 257
 261
 216
 255
 208
 299
 191
 319
 245
 249
 246
 224
 285
 550
 332
 431
 253
 341
 243
 333
 256
 441
 146
 504
 195
 379
 214
 305
 262
 219
 291
 195
 231
 223
 211
 286
 308
 179
 278
  87
 149
 483
 177
 408
 226
 343
 268
 360
 268
 444
 297
 477
 176
 326
 201
 289
 193
 232
 265
 227
 311
 295
 328
 345
 211
 214
 207
 154
 250
 397
 244
 363
 247
 333
 221
 338
 208
 384
 236
 410
 283
 329
 278
 303
 255
 270
 215
 265
 210
 311
 195
 329
 241
 257
 243
 227
 325
 556
 336
 422
 246
 334
 233
 327
 256
 431
 142
 464
 210
 370
 217
 304
 258
 212
 276
 185
 233
 228
 248
 295
 297
 174
 265
  82
 150
 489
 187
 407
 236
 341
 282
 353
 284
 438
 328
 446
 194
 324
 213
 284
 206
 227
 282
 224
 313
 302
 319
 359
 231
 211
 227
 149
 243
 402
 234
 363
 246
 339
 221
 342
 200
 381
 233
 407
 279
 332
 273
 309
 253
 277
 214
 274
 211
 318
 198
 333
 239
 264
 242
 230
 331
 557
 330
 416
 230
 335
 217
 327
 257
 424
 146
 434
 227
 359
 218
 308
 252
 211
 254
 179
 222
 226
 273
 290
 278
 171
 245
  81
 150
 492
 182
 412
 228
 345
 278
 353
 278
 430
 328
 426
 185
 333
 203
 287
 202
 228
 281
 225
 302
 302
 289
 348
 233
 211
 230
 146
 243
 406
 232
 361
 251
 342
 228
 342
 200
 375
 232
 407
 277
 326
 270
 309
 256
 280
 220
 279
 215
 320
 203
 326
 245
 268
 246
 231
 306
 552
 318
 418
 213
 341
 200
 336
 262
 421
 159
 436
 247
 351
 221
 313
 244
 214
 231
 180
 205
 225
 276
 279
 257
 173
 225
  86
 164
 493
 179
 414
 224
 347
 274
 356
 269
 423
 313
 442
 168
 352
 192
 299
 201
 234
 282
 228
 296
 296
 269
 331
 239
 213
 237
 144
 245
 408
 232
 356
 257
 341
 235
 338
 203
 367
 227
 408
 275
 312
 269
 304
 261
 278
 227
 278
 218
 314
 209
 311
 250
 264
 249
 230
 276
 547
 302
 422
 200
 347
 185
 346
 267
 421
 175
 468
 269
 339
 223
 308
 230
 211
 210
 183
 187
 220
 265
 261
 237
 172
 207
  90
 201
 495
 196
 413
 238
 348
 287
 358
 278
 418
 306
 475
 165
 361
 198
 306
 218
 239
 302
 230
 313
 288
 274
 313
 259
 210
 260
 143
 243
 409
 234
 351
 259
 335
 239
 330
 204
 359
 222
 409
 273
 295
 271
 296
 265
 271
 233
 272
 222
 305
 214
 295
 255
 258
 254
 228
 259
 546
 289
 426
 198
 351
 179
 351
 272
 423
 193
 503
 299
 322
 234
 297
 223
 204
 199
 184
 178
 214
 255
 240
 225
 165
 200
  91
 222
 498
 207
 407
 239
 346
 289
 353
 280
 410
 292
 493
 154
 342
 193
 291
 220
 234
 308
 224
 323
 277
 271
 293
 264
 203
 267
 139
 241
 414
 236
 351
 260
 331
 241
 325
 204
 355
 219
 411
 271
 282
 273
 288
 269
 266
 237
 268
 225
 299
 216
 283
 259
 254
 258
 224
 237
 551
 267
 435
 192
 357
 169
 354
 260
 430
 196
 536
 314
 304
 236
 287
 207
 196
 184
 184
 163
 209
 235
 222
 208
 156
 184
  87
 232
 503
 218
 409
 237
 345
 285
 344
 281
 401
 281
 494
 149
 307
 181
 270
 214
 223
 309
 215
 328
 266
 267
 275
 261
 195
 264
 135
 236
 419
 237
 355
 256
 328
 238
 323
 201
 350
 216
 409
 267
 273
 276
 280
 270
 263
 239
 265
 226
 296
 215
 278
 259
 252
 261
 219
 225
 558
 251
 442
 194
 361
 168
 351
 245
 436
 199
 560
 323
 281
 240
 276
 199
 187
 175
 180
 155
 203
 226
 209
 199
 146
 177
  78
 238
 508
 228
 422
 236
 341
 282
 333
 286
 391
 278
 483
 153
 271
 166
 254
 207
 208
 307
 204
 324
 250
 266
 262
 255
 185
 255
 129
 234
 423
 239
 359
 254
 324
 236
 319
 198
 342
 216
 401
 264
 264
 280
 272
 272
 258
 240
 261
 229
 292
 213
 277
 259
 248
 264
 214
 222
 566
 243
 450
 203
 364
 176
 347
 234
 443
 202
 575
 323
 259
 246
 266
 199
 177
 171
 169
 155
 199
 229
 203
 198
 137
 180
  63
 242
 509
 236
 431
 236
 334
 279
 319
 294
 376
 283
 462
 156
 249
 156
 234
 201
 191
 305
 191
 322
 239
 268
 253
 250
 175
 250
 120
 232
 426
 239
 364
 251
 322
 233
 317
 194
 334
 214
 392
 263
 261
 284
 267
 271
 254
 240
 258
 230
 290
 207
 283
 256
 246
 264
 211
 222
 579
 240
 459
 212
 368
 185
 347
 227
 450
 201
 581
 319
 261
 246
 260
 206
 173
 172
 162
 159
 201
 237
 208
 203
 134
 187
  57
 243
 499
 238
 414
 236
 319
 276
 300
 304
 353
 297
 432
 151
 236
 151
 210
 197
 171
 301
 174
 326
 235
 282
 248
 246
 161
 251
 103
 234
 427
 240
 369
 252
 321
 233
 317
 190
 325
 208
 381
 265
 262
 288
 265
 271
 251
 241
 257
 232
 292
 200
 293
 253
 244
 263
 211
 222
 584
 239
 459
 219
 364
 191
 343
 221
 449
 195
 578
 313
 266
 237
 246
 215
 163
 173
 151
 164
 198
 240
 212
 208
 127
 188
  53
 249
 487
 240
 377
 241
 303
 282
 286
 324
 328
 328
 406
 144
 232
 159
 192
 205
 158
 304
 164
 333
 234
 316
 251
 253
 152
 264
  91
 237
 426
 239
 373
 255
 322
 234
 318
 186
 318
 197
 371
 271
 271
 291
 266
 269
 249
 241
 257
 230
 297
 196
 302
 250
 244
 260
 212
 226
 587
 244
 457
 228
 358
 199
 337
 220
 444
 189
 577
 305
 271
 232
 234
 227
 153
 180
 146
 173
 196
 236
 219
 219
 122
 193
  50
 240
 484
 235
 373
 239
 294
 279
 277
 335
 301
 358
 385
 119
 231
 160
 183
 208
 154
 298
 161
 330
 234
 341
 258
 256
 149
 267
  86
 245
 425
 243
 375
 259
 323
 239
 318
 185
 309
 183
 360
 283
 281
 295
 263
 271
 248
 244
 259
 230
 303
 197
 305
 250
 245
 258
 213
 231
 589
 250
 453
 236
 352
 206
 332
 221
 440
 181
 579
 297
 278
 233
 228
 237
 146
 190
 147
 183
 197
 224
 229
 230
 121
 201
  48
 221
 489
 224
 389
 231
 293
 270
 275
 336
 279
 380
 370
  97
 239
 153
 184
 206
 159
 285
 165
 317
 236
 343
 261
 252
 152
 259
  88
 257
 425
 254
 375
 263
 325
 247
 317
 195
 303
 173
 351
 298
 283
 304
 265
 279
 249
 251
 262
 238
 309
 208
 311
 258
 248
 261
 213
 242
 589
 266
 450
 249
 346
 218
 329
 228
 435
 178
 584
 299
 287
 247
 231
 254
 145
 205
 151
 199
 200
 217
 240
 246
 123
 220
  49
 205
 500
 209
 395
 223
 299
 261
 278
 331
 265
 391
 358
  86
 257
 146
 193
 202
 169
 274
 174
 302
 239
 348
 269
 246
 161
 248
  95
 262
 425
 258
 372
 262
 325
 249
 315
 202
 294
 172
 342
 297
 284
 306
 268
 281
 249
 252
 263
 241
 310
 214
 318
 263
 250
 261
 212
 252
 588
 279
 445
 259
 342
 226
 325
 234
 431
 170
 585
 308
 295
 265
 241
 265
 146
 214
 151
 211
 202
 207
 248
 256
 125
 238
  49
 202
 511
 203
 403
 220
 307
 259
 285
 325
 265
 390
 349
  87
 279
 142
 208
 198
 181
 271
 186
 293
 246
 348
 287
 241
 170
 240
 106
 261
 426
 254
 369
 260
 325
 246
 314
 202
 290
 177
 342
 288
 290
 300
 273
 279
 251
 250
 266
 241
 307
 218
 326
 263
 252
 261
 212
 252
 586
 284
 442
 259
 341
 224
 323
 230
 428
 154
 584
 324
 307
 278
 257
 268
 153
 212
 151
 211
 204
 194
 256
 257
 130
 251
  52
 212
 522
 207
 416
 224
 318
 264
 295
 327
 281
 381
 354
  96
 302
 143
 226
 196
 194
 275
 199
 291
 257
 344
 309
 238
 180
 235
 116
 258
 426
 250
 366
 262
 326
 244
 315
 199
 295
 188
 349
 281
 291
 290
 275
 279
 254
 248
 267
 241
 300
 222
 330
 262
 253
 264
 212
 247
 581
 282
 440
 255
 342
 216
 321
 221
 425
 133
 576
 345
 316
 284
 272
 264
 161
 204
 149
 203
 204
 186
 259
 251
 135
 258
  56
 229
 521
 218
 420
 232
 320
 275
 297
 337
 301
 370
 363
 107
 311
 148
 237
 196
 198
 280
 201
 297
 259
 343
 317
 238
 180
 233
 117
 250
 425
 246
 366
 261
 330
 242
 319
 193
 312
 199
 361
 277
 292
 284
 280
 277
 258
 247
 269
 242
 304
 222
 330
 260
 256
 266
 212
 248
 576
 287
 443
 261
 346
 217
 321
 219
 424
 122
 562
 355
 315
 294
 283
 268
 169
 207
 149
 201
 205
 194
 256
 255
 142
 274
  62
 249
 519
 233
 423
 244
 324
 290
 302
 350
 329
 361
 384
 117
 315
 157
 249
 200
 201
 281
 204
 310
 260
 353
 315
 241
 182
 236
 119
 244
 424
 243
 367
 259
 336
 241
 325
 193
 336
 210
 378
 277
 293
 284
 288
 276
 263
 247
 272
 241
 306
 220
 327
 258
 258
 267
 214
 251
 568
 293
 448
 270
 350
 223
 323
 218
 424
 118
 540
 360
 319
 302
 292
 277
 178
 214
 149
 199
 204
 192
 240
 264
 149
 292
  70
 257
 515
 239
 424
 247
 329
 299
 310
 352
 362
 349
 413
 113
 311
 161
 261
 197
 205
 267
 204
 318
 259
 365
 301
 236
 185
 232
 123
 235
 421
 237
 370
 251
 342
 236
 333
 196
 357
 215
 395
 275
 295
 281
 296
 270
 268
 241
 274
 234
 305
 209
 321
 251
 260
 262
 216
 251
 557
 307
 450
 279
 355
 228
 325
 213
 425
 117
 515
 361
 331
 306
 300
 285
 188
 226
 154
 206
 206
 201
 222
 277
 158
 306
  81
 250
 508
 234
 419
 241
 333
 299
 318
 340
 392
 338
 444
 106
 308
 158
 270
 188
 207
 256
 201
 319
 257
 371
 296
 226
 190
 223
 129
 233
 418
 234
 373
 247
 347
 234
 339
 206
 373
 222
 412
 281
 298
 281
 301
 267
 273
 237
 275
 225
 302
 197
 314
 247
 262
 258
 219
 258
 546
 335
 441
 288
 360
 237
 328
 204
 424
 122
 507
 355
 343
 307
 308
 296
 198
 242
 162
 230
 208
 246
 211
 294
 164
 317
  92
 239
 501
 228
 411
 237
 338
 301
 327
 330
 416
 336
 470
 104
 306
 158
 277
 184
 211
 259
 199
 320
 257
 373
 300
 219
 196
 216
 136
 235
 404
 235
 367
 248
 341
 237
 337
 217
 375
 230
 420
 293
 295
 283
 293
 269
 269
 236
 268
 218
 294
 185
 299
 247
 255
 258
 217
 271
 536
 356
 428
 281
 361
 235
 329
 181
 421
 122
 499
 326
 349
 291
 315
 295
 208
 249
 173
 257
 211
 302
 207
 302
 170
 315
 102
 232
 493
 225
 400
 238
 340
 306
 334
 333
 424
 345
 480
 106
 301
 164
 278
 189
 218
 271
 203
 322
 257
 371
 307
 220
 203
 216
 144
 234
 390
 233
 360
 248
 332
 235
 332
 214
 369
 232
 423
 301
 291
 281
 284
 268
 263
 230
 261
 204
 286
 176
 281
 245
 248
 251
 215
 299
 528
 364
 415
 268
 360
 230
 326
 157
 414
 113
 485
 297
 350
 267
 318
 289
 217
 257
 185
 288
 213
 356
 205
 308
 175
 314
 110
 233
 487
 229
 390
 249
 340
 318
 338
 355
 413
 366
 470
 111
 290
 177
 272
 204
 227
 289
 212
 328
 260
 361
 308
 230
 210
 224
 150
 227
 381
 228
 354
 247
 322
 230
 327
 207
 366
 227
 424
 301
 286
 279
 278
 264
 259
 220
 256
 194
 274
 176
 262
 241
 245
 245
 214
 317
 522
 357
 407
 249
 360
 220
 323
 129
 406
  95
 467
 271
 348
 230
 316
 276
 227
 262
 197
 313
 218
 382
 205
 306
 181
 310
 116
 218
 484
 213
 384
 243
 338
 309
 339
 360
 401
 373
 460
 105
 282
 173
 264
 199
 234
 279
 220
 306
 263
 312
 300
 221
 216
 209
 153
 214
 381
 218
 354
 240
 322
 219
 325
 200
 370
 216
 426
 296
 289
 274
 281
 257
 260
 210
 255
 187
 264
 181
 250
 235
 247
 237
 212
 338
 517
 353
 402
 239
 356
 220
 318
 118
 391
  90
 440
 246
 347
 199
 306
 270
 234
 279
 200
 341
 213
 388
 200
 309
 185
 315
 121
 197
 484
 185
 382
 227
 333
 285
 335
 347
 399
 373
 464
 104
 280
 163
 257
 179
 231
 243
 215
 264
 258
 232
 278
 201
 220
 182
 154
 200
 386
 208
 357
 227
 333
 208
 328
 195
 373
 203
 424
 295
 301
 271
 289
 250
 267
 207
 254
 183
 256
 186
 246
 230
 252
 234
 214
 342
 523
 334
 410
 222
 361
 212
 321
 106
 379
  83
 411
 198
 372
 168
 313
 247
 246
 287
 205
 348
 194
 395
 205
 295
 197
 301
 134
 183
 484
 160
 383
 214
 328
 263
 330
 332
 399
 372
 457
 105
 277
 155
 251
 159
 223
 203
 205
 224
 251
 166
 257
 177
 217
 155
 153
 187
 396
 202
 364
 215
 345
 197
 333
 183
 369
 190
 415
 296
 320
 270
 301
 245
 277
 210
 257
 182
 258
 183
 255
 229
 260
 235
 223
 328
 535
 302
 423
 198
 366
 197
 326
  99
 363
  79
 381
 147
 395
 137
 327
 209
 259
 281
 206
 338
 190
 399
 224
 264
 211
 270
 151
 180
 484
 146
 388
 208
 328
 248
 327
 325
 394
 367
 421
 111
 275
 153
 250
 147
 219
 174
 200
 201
 250
 147
 255
 161
 215
 137
 154
 187
 405
 211
 371
 218
 353
 199
 338
 177
 365
 186
 392
 303
 333
 282
 312
 254
 287
 226
 263
 191
 266
 175
 272
 240
 268
 250
 233
 314
 549
 277
 441
 183
 373
 196
 334
 140
 353
  95
 352
 117
 410
 112
 336
 171
 271
 272
 213
 324
 205
 383
 241
 234
 227
 242
 168
 187
 483
 143
 396
 210
 332
 243
 325
 321
 385
 357
 375
 120
 271
 157
 250
 143
 219
 161
 201
 197
 254
 169
 265
 153
 213
 126
 154
 191
 403
 224
 368
 226
 350
 205
 334
 174
 357
 185
 366
 309
 332
 297
 314
 266
 287
 240
 264
 202
 271
 169
 282
 255
 266
 267
 234
 313
 558
 274
 461
 196
 381
 228
 344
 244
 358
 154
 331
 124
 418
 109
 334
 160
 284
 269
 232
 319
 228
 369
 251
 225
 243
 238
 185
 206
 481
 154
 404
 223
 336
 248
 325
 311
 379
 350
 340
 128
 276
 166
 253
 150
 222
 165
 205
 212
 258
 218
 278
 156
 214
 127
 156
 201
 402
 242
 367
 238
 345
 215
 330
 193
 345
 163
 360
 314
 328
 312
 316
 282
 287
 256
 269
 216
 277
 178
 288
 272
 267
 282
 235
 317
 563
 282
 482
 220
 392
 271
 356
 323
 376
 247
 324
 154
 420
 125
 334
 167
 297
 270
 257
 317
 249
 352
 250
 233
 259
 250
 199
 229
 479
 171
 410
 241
 338
 257
 323
 283
 378
 350
 330
 127
 291
 174
 259
 160
 228
 182
 213
 237
 259
 272
 284
 166
 218
 135
 159
 203
 400
 250
 370
 242
 343
 219
 328
 194
 346
 161
 328
 308
 323
 317
 319
 290
 288
 260
 272
 221
 280
 186
 292
 277
 270
 285
 238
 292
 564
 259
 498
 215
 403
 274
 364
 351
 388
 332
 336
 168
 419
 126
 340
 155
 311
 246
 277
 285
 258
 301
 243
 222
 269
 241
 212
 253
 477
 188
 417
 260
 338
 265
 322
 248
 381
 339
 353
 138
 302
 177
 265
 171
 235
 206
 220
 265
 252
 314
 273
 177
 221
 147
 161
 217
 397
 263
 373
 255
 341
 233
 326
 200
 324
 151
 330
 310
 316
 326
 320
 305
 286
 273
 272
 237
 280
 207
 294
 290
 272
 296
 240
 226
 561
 194
 503
 169
 415
 227
 371
 327
 400
 382
 389
 149
 414
  95
 349
 108
 324
 186
 291
 214
 260
 206
 236
 176
 276
 197
 219
 263
 474
 188
 424
 262
 340
 257
 323
 207
 383
 244
 400
 147
 305
 168
 273
 170
 243
 217
 226
 278
 244
 331
 259
 178
 224
 150
 163
 204
 396
 246
 376
 241
 343
 222
 327
 192
 328
 172
 333
 285
 312
 306
 323
 292
 287
 256
 273
 225
 283
 203
 298
 274
 272
 278
 241
 167
 555
 141
 499
 127
 426
 182
 379
 285
 418
 407
 473
 138
 408
  74
 359
  70
 334
 135
 299
 150
 258
 115
 232
 136
 281
 159
 223
 276
 472
 191
 433
 262
 343
 246
 328
 178
 386
 136
 438
 158
 300
 165
 279
 171
 248
 221
 228
 282
 236
 341
 250
 185
 226
 158
 165
 191
 395
 227
 375
 230
 346
 214
 329
 195
 337
 199
 342
 261
 308
 286
 323
 277
 285
 238
 273
 212
 286
 200
 302
 258
 271
 262
 242
 160
 546
 186
 525
 135
 432
 188
 387
 261
 440
 400
 516
 178
 403
 107
 370
  86
 342
 138
 301
 142
 259
  77
 239
 142
 283
 168
 220
 312
 472
 217
 443
 274
 351
 250
 339
 181
 391
 105
 450
 188
 304
 190
 286
 197
 253
 244
 231
 308
 238
 373
 257
 215
 225
 190
 165
 195
 395
 224
 378
 236
 349
 223
 332
 219
 345
 230
 359
 257
 307
 283
 322
 278
 284
 236
 275
 216
 291
 211
 307
 259
 269
 263
 243
 196
 538
 264
 546
 184
 435
 236
 395
 308
 470
 389
 571
 253
 397
 180
 379
 143
 345
 184
 298
 177
 265
  89
 261
 185
 282
 205
 211
 319
 468
 218
 449
 248
 355
 218
 347
 161
 393
 100
 478
 183
 304
 191
 284
 197
 250
 242
 230
 310
 245
 378
 276
 219
 220
 198
 160
 199
 396
 223
 383
 243
 350
 231
 334
 241
 350
 249
 378
 252
 306
 279
 318
 277
 282
 232
 275
 218
 295
 216
 316
 258
 267
 262
 241
 209
 535
 281
 554
 205
 434
 258
 402
 316
 526
 373
 631
 302
 385
 224
 385
 173
 344
 205
 289
 193
 275
 105
 299
 202
 277
 204
 196
 319
 457
 218
 445
 228
 352
 198
 346
 141
 389
 104
 489
 176
 297
 193
 274
 195
 237
 244
 224
 311
 253
 374
 298
 220
 210
 209
 148
 203
 398
 230
 388
 247
 351
 236
 337
 257
 355
 259
 394
 248
 306
 274
 314
 273
 280
 226
 275
 217
 301
 211
 330
 255
 266
 260
 239
 213
 538
 251
 551
 217
 430
 271
 406
 331
 557
 346
 649
 338
 363
 254
 386
 191
 336
 219
 275
 204
 283
 131
 320
 209
 264
 197
 181
 321
 455
 223
 445
 224
 358
 200
 350
 133
 395
 115
 493
 177
 294
 200
 269
 202
 230
 257
 228
 315
 274
 363
 330
 228
 209
 229
 145
 209
 399
 248
 386
 252
 350
 241
 337
 264
 357
 264
 401
 246
 307
 271
 309
 270
 277
 223
 275
 217
 305
 206
 342
 253
 266
 259
 236
 188
 545
 198
 537
 200
 424
 257
 408
 313
 556
 318
 648
 335
 343
 248
 380
 179
 322
 207
 256
 194
 285
 142
 321
 191
 246
 170
 166
 324
 454
 235
 437
 234
 363
 216
 354
 143
 401
 133
 492
 187
 292
 215
 267
 218
 224
 276
 232
 318
 296
 344
 359
 245
 210
 256
 145
 219
 402
 267
 382
 256
 347
 244
 337
 265
 360
 267
 403
 247
 308
 270
 305
 269
 275
 221
 274
 216
 307
 207
 343
 253
 266
 259
 234
 167
 550
 167
 520
 191
 414
 249
 404
 295
 544
 305
 644
 322
 337
 242
 367
 171
 301
 205
 233
 199
 276
 171
 308
 182
 224
 156
 151
 326
 453
 246
 420
 251
 365
 236
 356
 168
 404
 151
 491
 201
 291
 231
 269
 239
 221
 293
 232
 314
 310
 310
 369
 265
 207
 283
 146
 225
 407
 270
 376
 251
 342
 238
 335
 257
 362
 264
 403
 244
 312
 266
 301
 262
 275
 216
 273
 211
 305
 208
 333
 247
 265
 253
 231
 151
 547
 157
 504
 194
 403
 254
 396
 284
 533
 285
 639
 326
 339
 236
 344
 170
 271
 217
 205
 221
 253
 217
 287
 186
 201
 158
 134
 316
 450
 246
 408
 262
 366
 248
 358
 191
 407
 162
 491
 205
 293
 237
 274
 251
 220
 300
 232
 299
 310
 266
 342
 278
 204
 298
 146
 237
 409
 269
 369
 250
 335
 234
 330
 251
 361
 263
 399
 247
 313
 266
 297
 261
 273
 216
 268
 208
 291
 215
 310
 247
 262
 251
 228
 145
 542
 167
 490
 208
 389
 270
 384
 286
 523
 286
 626
 333
 329
 235
 317
 180
 238
 241
 176
 260
 225
 275
 263
 203
 178
 172
 113
 302
 453
 243
 401
 272
 365
 256
 358
 205
 407
 171
 492
 206
 295
 241
 281
 261
 220
 300
 232
 288
 308
 237
 322
 287
 201
 306
 145
 250
 412
 270
 364
 251
 330
 233
 326
 250
 358
 264
 396
 251
 315
 269
 294
 261
 273
 218
 261
 207
 280
 223
 286
 247
 259
 251
 226
 144
 542
 181
 477
 223
 373
 286
 370
 297
 506
 289
 613
 333
 314
 232
 292
 192
 206
 267
 152
 302
 204
 330
 243
 221
 157
 188
  90
 279
 469
 233
 400
 271
 362
 252
 357
 196
 405
 174
 493
 198
 300
 236
 290
 261
 221
 290
 234
 277
 310
 216
 321
 283
 200
 303
 144
 262
 414
 272
 360
 251
 326
 231
 321
 250
 351
 260
 392
 254
 315
 270
 290
 259
 271
 219
 251
 205
 276
 224
 273
 246
 254
 249
 223
 124
 548
 172
 462
 211
 356
 275
 353
 291
 476
 267
 596
 300
 299
 202
 272
 181
 178
 265
 134
 316
 195
 353
 233
 212
 139
 180
  67
 261
 487
 226
 402
 267
 358
 245
 355
 182
 403
 183
 495
 190
 305
 232
 298
 259
 223
 277
 237
 267
 313
 207
 330
 276
 200
 296
 143
 271
 415
 275
 361
 250
 325
 229
 319
 250
 344
 252
 388
 254
 314
 268
 288
 256
 270
 218
 246
 202
 270
 214
 278
 243
 250
 245
 222
 111
 575
 164
 462
 200
 355
 265
 353
 292
 460
 256
 576
 267
 306
 177
 274
 175
 174
 266
 140
 325
 211
 366
 254
 206
 142
 175
  62
 259
 493
 233
 404
 271
 353
 246
 353
 182
 401
 206
 495
 194
 312
 241
 302
 267
 225
 273
 240
 268
 315
 213
 345
 282
 204
 296
 142
 277
 416
 274
 365
 246
 326
 227
 319
 250
 342
 239
 387
 253
 314
 263
 290
 251
 271
 215
 248
 200
 266
 205
 292
 238
 250
 241
 222
 104
 587
 158
 449
 193
 344
 258
 342
 291
 443
 262
 545
 236
 304
 159
 270
 173
 166
 269
 140
 329
 219
 374
 278
 206
 140
 176
  51
 257
 492
 240
 408
 270
 350
 243
 352
 182
 405
 217
 494
 198
 319
 252
 298
 274
 228
 267
 243
 264
 315
 219
 357
 287
 208
 295
 144
 280
 416
 270
 370
 240
 326
 223
 318
 246
 343
 221
 385
 249
 313
 253
 295
 244
 270
 209
 252
 197
 270
 201
 299
 231
 250
 236
 222
 100
 590
 155
 438
 193
 338
 258
 337
 286
 445
 287
 535
 215
 306
 152
 270
 176
 166
 278
 149
 334
 231
 377
 308
 213
 143
 186
  48
 252
 487
 245
 407
 269
 345
 242
 348
 182
 413
 211
 494
 213
 321
 270
 288
 286
 229
 265
 242
 258
 310
 225
 360
 289
 206
 296
 144
 282
 417
 267
 375
 232
 324
 220
 317
 243
 348
 212
 387
 248
 311
 241
 302
 238
 268
 204
 256
 196
 286
 207
 304
 229
 252
 234
 221
 107
 587
 164
 440
 206
 334
 270
 335
 300
 459
 329
 541
 211
 309
 163
 270
 187
 173
 299
 161
 344
 244
 371
 321
 232
 149
 210
  51
 245
 468
 250
 391
 272
 333
 243
 334
 183
 408
 203
 506
 230
 303
 286
 266
 295
 216
 258
 225
 245
 290
 218
 338
 287
 189
 295
 131
 280
 415
 261
 377
 221
 319
 214
 315
 237
 351
 211
 388
 243
 309
 225
 309
 230
 265
 204
 257
 197
 295
 212
 307
 226
 252
 230
 219
 116
 579
 175
 445
 217
 330
 280
 334
 328
 471
 361
 553
 212
 309
 179
 267
 195
 179
 314
 172
 346
 254
 347
 319
 247
 153
 233
  58
 233
 457
 249
 382
 274
 339
 242
 334
 182
 405
 190
 509
 241
 288
 295
 260
 295
 209
 239
 213
 237
 288
 201
 319
 278
 183
 282
 129
 274
 411
 256
 376
 211
 314
 211
 314
 232
 351
 217
 389
 238
 305
 209
 312
 223
 261
 212
 256
 204
 296
 219
 312
 226
 251
 229
 216
 117
 572
 178
 439
 217
 329
 277
 337
 336
 479
 361
 563
 205
 305
 184
 257
 203
 173
 309
 185
 335
 268
 304
 314
 243
 152
 238
  65
 224
 456
 248
 381
 275
 344
 240
 336
 183
 406
 176
 503
 252
 280
 301
 266
 293
 207
 222
 213
 220
 288
 201
 301
 268
 186
 268
 134
 274
 406
 258
 369
 210
 309
 217
 312
 236
 344
 229
 388
 240
 301
 204
 309
 225
 257
 231
 255
 223
 293
 236
 314
 236
 249
 237
 213
 127
 564
 182
 423
 218
 327
 275
 340
 334
 481
 350
 569
 193
 290
 185
 237
 211
 166
 292
 194
 326
 282
 264
 312
 236
 148
 238
  69
 219
 457
 249
 384
 276
 343
 239
 337
 187
 407
 168
 500
 266
 277
 310
 275
 290
 207
 213
 219
 201
 287
 215
 302
 265
 190
 260
 138
 272
 401
 262
 359
 214
 306
 228
 312
 244
 337
 241
 387
 244
 298
 205
 296
 230
 254
 251
 254
 245
 288
 255
 314
 247
 247
 248
 210
 150
 544
 178
 402
 214
 322
 267
 339
 317
 477
 328
 571
 186
 255
 213
 215
 210
 159
 264
 199
 311
 294
 229
 323
 220
 139
 226
  67
 217
 456
 249
 386
 273
 339
 235
 334
 189
 403
 162
 502
 282
 277
 316
 279
 286
 204
 206
 222
 190
 287
 223
 326
 265
 188
 253
 135
 266
 395
 263
 351
 220
 306
 238
 312
 253
 332
 248
 386
 243
 295
 208
 275
 234
 251
 263
 253
 264
 285
 270
 311
 253
 243
 256
 206
 192
 512
 167
 386
 211
 321
 258
 341
 298
 474
 310
 573
 173
 239
 221
 209
 208
 159
 239
 205
 292
 305
 207
 347
 206
 135
 208
  64
 221
 460
 251
 395
 268
 344
 229
 339
 189
 404
 160
 500
 303
 289
 317
 288
 283
 207
 202
 227
 197
 298
 220
 329
 266
 191
 249
 138
 245
 389
 253
 346
 219
 310
 240
 314
 258
 338
 243
 384
 229
 294
 206
 266
 234
 248
 264
 254
 268
 285
 271
 302
 250
 242
 255
 204
 232
 486
 165
 384
 219
 326
 258
 347
 287
 475
 312
 569
 166
 245
 227
 212
 215
 165
 228
 214
 274
 315
 185
 342
 204
 141
 200
  68
 229
 464
 255
 403
 259
 351
 218
 347
 184
 408
 156
 493
 322
 304
 312
 296
 278
 212
 198
 231
 205
 301
 227
 307
 259
 195
 241
 144
 224
 384
 242
 346
 222
 316
 244
 316
 265
 351
 238
 382
 215
 293
 207
 269
 236
 249
 265
 256
 271
 288
 270
 291
 249
 244
 260
 210
 262
 477
 165
 395
 226
 336
 256
 358
 276
 481
 324
 557
 162
 263
 243
 212
 219
 177
 217
 226
 241
 319
 154
 311
 204
 157
 195
  81
 241
 464
 265
 403
 247
 355
 202
 352
 171
 413
 145
 488
 332
 311
 301
 299
 271
 218
 195
 228
 198
 278
 244
 269
 250
 200
 232
 149
 206
 380
 231
 351
 225
 320
 247
 319
 259
 354
 237
 380
 203
 293
 204
 274
 233
 254
 266
 259
 274
 291
 269
 282
 250
 249
 252
 215
 288
 465
 178
 396
 243
 338
 263
 358
 277
 479
 346
 551
 178
 267
 271
 205
 232
 178
 215
 224
 201
 301
 131
 257
 215
 163
 205
  87
 270
 457
 294
 389
 245
 349
 196
 351
 164
 416
 136
 489
 342
 303
 303
 295
 274
 222
 207
 218
 203
 252
 277
 225
 257
 201
 240
 148
 195
 377
 225
 355
 225
 318
 248
 320
 263
 355
 247
 380
 199
 293
 204
 279
 232
 261
 271
 261
 282
 293
 272
 277
 252
 255
 252
 220
 299
 441
 191
 376
 260
 330
 268
 349
 278
 467
 365
 554
 201
 257
 287
 201
 245
 169
 213
 210
 150
 262
 113
 199
 222
 153
 214
  83
 303
 450
 329
 374
 248
 341
 201
 344
 162
 414
 125
 494
 352
 289
 313
 287
 285
 223
 227
 208
 217
 233
 308
 193
 271
 199
 261
 143
 188
 375
 216
 356
 230
 323
 252
 321
 278
 357
 261
 380
 198
 292
 204
 282
 230
 264
 271
 261
 289
 291
 273
 278
 252
 260
 256
 226
 320
 411
 201
 340
 272
 322
 269
 338
 275
 453
 376
 561
 222
 243
 295
 201
 254
 158
 204
 191
 127
 229
 102
 160
 223
 138
 220
  76
 328
 450
 358
 369
 254
 337
 219
 335
 169
 407
 112
 498
 366
 283
 328
 283
 301
 221
 250
 205
 236
 228
 326
 187
 287
 194
 291
 140
 185
 375
 208
 354
 233
 325
 258
 323
 288
 359
 276
 379
 200
 295
 205
 284
 227
 266
 268
 261
 293
 287
 274
 286
 247
 262
 250
 228
 336
 403
 222
 324
 279
 317
 265
 332
 267
 443
 378
 570
 232
 229
 298
 199
 258
 148
 187
 171
 126
 212
 100
 155
 220
 125
 222
  67
 333
 456
 368
 374
 260
 336
 236
 331
 177
 402
  98
 495
 379
 288
 336
 287
 310
 219
 265
 209
 246
 232
 320
 204
 302
 195
 315
 142
 185
 377
 202
 353
 234
 325
 260
 326
 278
 359
 283
 378
 202
 301
 205
 288
 223
 269
 262
 263
 293
 286
 277
 301
 241
 264
 240
 231
 344
 424
 262
 356
 281
 322
 257
 336
 255
 441
 370
 576
 230
 223
 299
 203
 261
 149
 174
 162
 133
 215
 107
 191
 217
 123
 219
  61
 312
 471
 352
 390
 261
 340
 240
 338
 185
 409
  93
 482
 384
 307
 329
 301
 306
 223
 263
 221
 241
 246
 289
 237
 314
 211
 319
 155
 190
 379
 201
 352
 236
 325
 258
 330
 270
 366
 281
 373
 201
 310
 205
 293
 219
 274
 257
 267
 288
 287
 283
 318
 236
 267
 232
 234
 349
 461
 295
 395
 281
 332
 247
 348
 239
 444
 355
 578
 211
 220
 296
 210
 261
 157
 170
 162
 153
 223
 123
 247
 215
 129
 215
  60
 272
 476
 320
 401
 253
 338
 231
 338
 198
 417
 106
 446
 372
 314
 317
 310
 295
 224
 254
 225
 226
 250
 244
 263
 312
 222
 311
 162
 194
 381
 198
 355
 231
 328
 252
 336
 259
 376
 270
 369
 194
 319
 199
 300
 210
 281
 248
 274
 277
 290
 283
 328
 227
 272
 222
 239
 341
 497
 306
 425
 267
 341
 226
 359
 209
 442
 324
 570
 172
 216
 275
 215
 241
 162
 157
 173
 152
 232
 136
 296
 199
 138
 198
  67
 230
 474
 285
 405
 234
 331
 215
 327
 216
 415
 119
 415
 359
 309
 311
 312
 290
 224
 250
 221
 215
 245
 204
 277
 308
 226
 306
 163
 206
 384
 200
 361
 229
 330
 256
 341
 254
 384
 269
 367
 193
 323
 195
 307
 207
 285
 248
 280
 274
 292
 285
 321
 222
 278
 222
 247
 339
 524
 312
 445
 254
 346
 208
 368
 181
 437
 292
 555
 139
 213
 255
 219
 217
 167
 145
 189
 149
 237
 154
 319
 179
 153
 180
  83
 182
 472
 245
 411
 210
 328
 199
 317
 231
 408
 129
 404
 349
 304
 310
 313
 288
 229
 247
 219
 202
 237
 170
 280
 300
 228
 300
 165
 209
 383
 204
 362
 228
 330
 252
 334
 238
 381
 266
 367
 193
 324
 191
 312
 206
 287
 250
 284
 275
 291
 287
 309
 219
 282
 217
 254
 350
 535
 320
 457
 252
 348
 201
 373
 160
 427
 267
 536
 128
 215
 244
 223
 201
 171
 135
 202
 155
 242
 176
 323
 158
 170
 166
 102
 130
 471
 203
 418
 192
 327
 194
 313
 242
 398
 145
 408
 348
 299
 311
 311
 287
 233
 245
 218
 188
 225
 145
 269
 290
 227
 293
 166
 211
 378
 210
 361
 228
 330
 250
 328
 230
 376
 255
 372
 191
 324
 187
 314
 206
 288
 252
 287
 276
 287
 291
 303
 220
 284
 215
 259
 363
 531
 323
 455
 252
 344
 194
 364
 142
 409
 241
 511
 130
 216
 235
 223
 186
 170
 115
 199
 156
 242
 180
 312
 139
 171
 140
 106
 103
 470
 187
 424
 202
 329
 217
 316
 275
 383
 193
 424
 375
 298
 335
 307
 308
 237
 264
 219
 200
 216
 156
 259
 306
 227
 314
 167
 213
 368
 214
 355
 225
 326
 248
 323
 229
 367
 237
 378
 186
 320
 183
 310
 206
 286
 252
 286
 276
 281
 295
 303
 223
 282
 216
 259
 378
 527
 323
 448
 254
 341
 193
 357
 131
 395
 215
 490
 126
 222
 229
 227
 174
 175
 100
 200
 155
 251
 182
 312
 127
 172
 114
 111
  81
 469
 179
 428
 209
 334
 231
 324
 303
 368
 246
 449
 397
 301
 352
 306
 321
 244
 276
 225
 212
 219
 174
 264
 323
 232
 335
 169
 215
 354
 216
 349
 222
 321
 247
 319
 229
 359
 218
 382
 180
 314
 180
 302
 206
 282
 251
 283
 278
 281
 298
 309
 224
 278
 220
 256
 394
 525
 306
 426
 245
 327
 187
 346
 115
 374
 179
 465
 113
 221
 215
 222
 154
 174
  88
 201
 136
 260
 163
 323
 108
 170
  84
 112
  70
 460
 180
 421
 207
 334
 226
 327
 314
 364
 289
 466
 407
 301
 356
 300
 323
 247
 276
 228
 213
 233
 190
 274
 333
 235
 351
 171
 220
 343
 219
 345
 222
 317
 249
 318
 229
 353
 207
 386
 178
 308
 180
 295
 210
 278
 254
 281
 285
 290
 300
 319
 229
 277
 228
 252
 408
 520
 296
 415
 246
 319
 193
 341
 121
 370
 183
 463
 113
 222
 209
 219
 145
 175
  89
 211
 122
 277
 105
 351
 102
 176
  69
 118
  69
 441
 181
 417
 200
 331
 211
 327
 305
 370
 279
 464
 408
 299
 351
 291
 318
 246
 269
 228
 208
 251
 201
 287
 324
 231
 347
 174
 226
 337
 220
 347
 224
 317
 250
 319
 231
 356
 207
 387
 179
 304
 185
 290
 217
 277
 259
 281
 291
 305
 299
 332
 237
 278
 239
 251
 403
 495
 299
 420
 262
 320
 212
 339
 155
 387
 243
 486
 127
 224
 216
 214
 151
 177
 100
 224
 125
 300
 100
 378
 112
 186
  75
 128
  78
 418
 174
 421
 189
 328
 192
 325
 275
 379
 236
 463
 400
 295
 341
 282
 307
 244
 256
 227
 200
 263
 204
 299
 311
 226
 329
 175
 233
 338
 220
 353
 228
 318
 252
 321
 238
 364
 218
 386
 186
 302
 193
 287
 226
 277
 269
 284
 292
 314
 292
 339
 247
 281
 252
 252
 384
 440
 302
 408
 286
 314
 237
 325
 196
 396
 298
 491
 148
 211
 233
 195
 167
 166
 126
 229
 138
 309
 118
 350
 131
 182
  93
 124
  96
 402
 180
 413
 170
 323
 170
 320
 226
 388
 174
 466
 382
 288
 322
 274
 287
 241
 237
 224
 186
 268
 194
 310
 294
 222
 309
 172
 232
 346
 219
 356
 231
 320
 257
 324
 246
 368
 231
 384
 189
 299
 196
 285
 229
 276
 273
 287
 289
 319
 281
 339
 250
 283
 257
 253
 367
 408
 300
 392
 308
 310
 257
 314
 236
 409
 341
 493
 170
 199
 250
 177
 186
 158
 136
 222
 134
 304
 114
 308
 142
 171
 111
 119
 128
 402
 203
 398
 155
 321
 155
 317
 178
 395
 114
 469
 364
 281
 309
 270
 272
 241
 223
 223
 174
 270
 181
 321
 280
 220
 297
 169
 221
 361
 219
 359
 232
 324
 262
 329
 255
 370
 243
 382
 191
 298
 198
 285
 229
 277
 275
 291
 286
 322
 272
 337
 251
 286
 257
 256
 349
 392
 289
 371
 317
 299
 266
 304
 269
 423
 379
 497
 185
 189
 262
 164
 201
 153
 132
 206
 119
 288
  98
 274
 144
 159
 120
 107
 200
 418
 256
 383
 179
 320
 173
 317
 170
 398
  98
 469
 380
 275
 334
 273
 294
 244
 248
 223
 195
 273
 198
 333
 299
 222
 324
 169
 207
 379
 214
 359
 234
 327
 259
 330
 262
 368
 249
 378
 192
 299
 198
 286
 228
 278
 276
 294
 285
 324
 266
 334
 249
 287
 254
 258
 314
 391
 264
 354
 305
 287
 256
 300
 285
 426
 392
 498
 184
 181
 256
 158
 203
 150
 119
 190
 100
 271
  85
 262
 137
 154
 109
  90
 263
 447
 295
 376
 216
 324
 184
 321
 170
 395
  88
 465
 389
 274
 351
 281
 311
 251
 270
 227
 210
 275
 207
 345
 312
 228
 345
 172
 198
 386
 215
 348
 238
 319
 262
 321
 265
 355
 253
 366
 192
 293
 201
 279
 230
 272
 277
 288
 286
 318
 267
 328
 248
 280
 251
 251
 262
 405
 236
 348
 282
 280
 238
 302
 286
 411
 383
 489
 174
 174
 245
 163
 197
 149
 113
 181
  95
 260
  97
 281
 131
 160
 102
  90
 315
 467
 318
 375
 258
 328
 187
 321
 176
 393
  86
 448
 391
 275
 353
 287
 321
 252
 284
 226
 220
 271
 210
 348
 319
 230
 360
 171
 196
 391
 221
 338
 242
 311
 268
 318
 263
 351
 252
 357
 191
 293
 203
 276
 233
 271
 276
 285
 287
 315
 271
 330
 247
 276
 248
 247
 216
 436
 208
 360
 248
 285
 211
 315
 271
 418
 385
 481
 153
 174
 227
 183
 178
 159
 102
 193
  94
 270
 112
 325
 118
 177
  92
 105
 339
 468
 322
 384
 244
 328
 195
 317
 186
 401
  92
 418
 385
 280
 337
 288
 321
 247
 287
 221
 228
 263
 212
 343
 321
 230
 367
 169
 195
 391
 223
 340
 242
 309
 269
 320
 253
 355
 246
 354
 189
 295
 205
 277
 234
 274
 273
 285
 288
 312
 278
 331
 244
 276
 243
 246
 236
 479
 220
 393
 244
 305
 216
 338
 288
 464
 374
 470
 173
 214
 235
 216
 181
 183
 109
 228
 121
 304
 144
 375
 128
 200
 104
 126
 291
 470
 295
 399
 223
 325
 205
 314
 200
 404
 106
 388
 372
 283
 318
 287
 312
 241
 278
 218
 228
 254
 207
 331
 314
 228
 359
 168
 196
 389
 212
 354
 234
 312
 261
 324
 242
 362
 238
 355
 188
 297
 206
 278
 231
 276
 269
 285
 289
 300
 286
 316
 243
 278
 241
 248
 299
 507
 258
 418
 260
 317
 240
 348
 267
 472
 352
 436
 220
 277
 253
 232
 196
 195
 126
 247
 157
 316
 182
 387
 143
 203
 125
 131
 226
 475
 252
 401
 207
 317
 209
 307
 214
 395
 125
 366
 352
 266
 308
 278
 291
 230
 256
 209
 215
 239
 193
 304
 291
 220
 330
 162
 195
 386
 202
 360
 220
 318
 247
 330
 229
 363
 227
 359
 186
 294
 204
 279
 225
 278
 263
 286
 287
 285
 292
 300
 240
 281
 237
 251
 354
 515
 285
 424
 265
 317
 248
 343
 210
 439
 314
 406
 215
 275
 246
 225
 191
 190
 126
 238
 162
 284
 196
 350
 137
 192
 124
 122
 170
 480
 206
 396
 194
 308
 207
 301
 225
 377
 143
 370
 334
 243
 302
 265
 269
 217
 229
 201
 194
 223
 176
 266
 264
 207
 299
 157
 191
 382
 199
 358
 208
 324
 236
 332
 218
 363
 213
 367
 183
 290
 199
 279
 219
 279
 257
 287
 284
 273
 295
 293
 235
 281
 234
 255
 379
 516
 292
 421
 254
 320
 233
 340
 159
 393
 271
 416
 174
 242
 219
 219
 163
 182
 104
 235
 144
 250
 181
 321
 112
 188
  98
 121
 106
 493
 212
 379
 232
 293
 249
 288
 283
 344
 213
 384
 371
 219
 339
 243
 302
 197
 255
 185
 217
 197
 206
 213
 309
 182
 327
 144
 195
 375
 202
 351
 204
 325
 234
 329
 211
 364
 202
 379
 181
 289
 195
 280
 216
 278
 253
 287
 280
 269
 297
 298
 234
 281
 235
 259
 402
 511
 306
 415
 257
 322
 220
 335
 141
 362
 240
 440
 152
 217
 208
 217
 148
 180
  89
 221
 141
 238
 175
 312
 102
 193
  76
 126
 115
 483
 177
 385
 218
 304
 234
 301
 282
 334
 242
 424
 363
 232
 313
 246
 291
 202
 235
 194
 188
 200
 177
 205
 297
 186
 312
 155
 209
 351
 210
 334
 208
 314
 239
 314
 214
 356
 198
 384
 178
 282
 192
 269
 219
 267
 257
 278
 282
 266
 299
 298
 240
 272
 243
 253
 415
 498
 319
 410
 265
 319
 208
 330
 138
 362
 208
 449
 151
 206
 210
 221
 147
 186
 110
 230
 149
 253
 176
 324
 105
 205
  63
 139
 107
 460
 179
 403
 223
 329
 236
 326
 289
 355
 299
 461
 371
 260
 319
 269
 296
 221
 235
 217
 185
 223
 165
 233
 297
 206
 319
 176
 225
 329
 216
 322
 214
 304
 245
 303
 223
 346
 199
 391
 177
 277
 192
 260
 223
 257
 267
 267
 288
 271
 301
 301
 250
 265
 256
 246
 413
 482
 324
 419
 274
 327
 222
 350
 146
 383
 202
 465
 163
 205
 222
 227
 158
 199
 134
 250
 163
 287
 181
 355
 120
 221
  65
 156
 106
 427
 197
 401
 226
 331
 233
 328
 287
 367
 332
 467
 372
 264
 321
 262
 294
 218
 232
 217
 188
 233
 155
 253
 292
 207
 321
 170
 231
 322
 214
 325
 217
 302
 245
 304
 226
 347
 199
 395
 176
 276
 192
 253
 226
 254
 274
 263
 292
 281
 301
 308
 255
 264
 263
 242
 401
 451
 320
 421
 283
 326
 231
 355
 164
 400
 224
 474
 182
 192
 239
 216
 177
 197
 151
 255
 179
 313
 183
 382
 139
 220
  77
 163
 118
 413
 205
 407
 227
 334
 220
 333
 273
 381
 309
 475
 360
 265
 309
 253
 281
 217
 220
 220
 179
 258
 147
 291
 279
 212
 306
 163
 222
 339
 206
 346
 215
 314
 239
 321
 221
 366
 196
 394
 177
 279
 195
 257
 227
 259
 270
 269
 290
 291
 300
 319
 251
 272
 260
 244
 386
 415
 310
 416
 292
 316
 240
 346
 195
 414
 266
 476
 201
 173
 256
 197
 195
 185
 162
 248
 189
 324
 175
 393
 155
 208
  91
 162
 134
 409
 218
 408
 223
 338
 207
 340
 249
 391
 266
 479
 344
 260
 295
 247
 267
 219
 211
 224
 160
 285
 156
 331
 268
 220
 288
 158
 207
 363
 203
 359
 211
 327
 239
 327
 226
 371
 195
 393
 178
 279
 198
 260
 227
 264
 263
 277
 286
 297
 300
 329
 248
 275
 259
 245
 371
 396
 291
 413
 295
 310
 255
 341
 232
 438
 317
 486
 212
 165
 265
 188
 203
 184
 163
 243
 186
 329
 149
 388
 161
 203
 106
 152
 152
 416
 233
 406
 212
 346
 191
 346
 217
 402
 216
 481
 326
 257
 277
 247
 251
 222
 200
 227
 159
 293
 179
 345
 255
 225
 267
 157
 197
 376
 206
 363
 209
 328
 240
 328
 226
 371
 196
 393
 177
 276
 198
 259
 227
 263
 262
 278
 283
 299
 300
 333
 248
 273
 261
 244
 348
 400
 254
 403
 282
 312
 254
 342
 268
 461
 362
 499
 214
 166
 266
 187
 197
 188
 157
 240
 173
 329
 115
 373
 158
 202
 116
 139
 178
 433
 250
 401
 203
 354
 178
 351
 186
 411
 167
 480
 315
 256
 264
 253
 240
 225
 195
 230
 162
 294
 191
 348
 242
 222
 251
 158
 195
 388
 210
 364
 212
 327
 241
 333
 224
 367
 199
 395
 175
 275
 198
 261
 230
 263
 266
 280
 285
 304
 303
 337
 249
 272
 264
 243
 313
 423
 205
 377
 255
 317
 249
 345
 296
 463
 389
 509
 215
 165
 262
 185
 187
 187
 149
 232
 156
 320
  88
 353
 153
 196
 117
 128
 235
 457
 284
 395
 218
 357
 189
 355
 181
 420
 146
 475
 332
 260
 278
 259
 253
 228
 213
 232
 184
 292
 210
 347
 253
 217
 263
 162
 194
 400
 212
 364
 216
 324
 242
 336
 222
 359
 200
 392
 171
 273
 197
 262
 231
 262
 270
 279
 287
 307
 306
 336
 250
 270
 262
 238
 263
 463
 187
 367
 248
 314
 250
 355
 312
 446
 398
 511
 228
 168
 267
 189
 198
 180
 149
 229
 148
 315
  80
 348
 158
 193
 125
 126
 292
 478
 301
 383
 231
 352
 197
 350
 179
 422
 127
 460
 351
 264
 292
 257
 263
 224
 227
 227
 198
 283
 214
 336
 263
 209
 275
 160
 195
 407
 213
 358
 222
 314
 246
 330
 223
 346
 204
 379
 167
 264
 197
 255
 231
 253
 271
 268
 291
 299
 310
 323
 251
 262
 260
 231
 203
 493
 182
 384
 246
 330
 237
 374
 315
 451
 413
 502
 232
 179
 261
 203
 198
 198
 137
 239
 127
 326
  65
 371
 151
 202
 123
 135
 328
 486
 303
 377
 235
 338
 198
 339
 180
 418
 113
 435
 364
 262
 302
 251
 266
 213
 231
 214
 201
 265
 203
 313
 269
 199
 283
 152
 196
 410
 212
 352
 227
 305
 249
 321
 223
 338
 209
 362
 164
 254
 197
 247
 231
 243
 269
 256
 295
 287
 314
 306
 252
 253
 254
 227
 172
 499
 186
 394
 248
 342
 229
 382
 307
 460
 417
 476
 237
 181
 259
 208
 192
 206
 130
 243
 116
 329
  60
 385
 147
 205
 125
 138
 328
 486
 297
 392
 233
 331
 197
 335
 189
 421
 111
 415
 367
 262
 304
 255
 264
 211
 229
 210
 197
 253
 186
 293
 273
 198
 287
 152
 195
 414
 209
 359
 227
 311
 248
 326
 223
 348
 211
 359
 161
 259
 196
 252
 228
 248
 265
 259
 296
 286
 316
 300
 251
 256
 253
 223
 195
 499
 202
 395
 254
 346
 243
 381
 283
 463
 402
 441
 249
 176
 270
 208
 202
 205
 142
 241
 132
 322
  76
 375
 156
 206
 138
 138
 294
 485
 284
 402
 223
 325
 192
 331
 201
 420
 122
 394
 356
 251
 295
 253
 257
 209
 219
 206
 188
 243
 168
 271
 271
 196
 284
 152
 193
 411
 204
 364
 221
 317
 244
 332
 222
 361
 212
 360
 161
 264
 195
 257
 226
 257
 263
 266
 296
 285
 316
 296
 249
 259
 252
 226
 255
 501
 241
 413
 276
 351
 265
 375
 255
 458
 373
 414
 261
 171
 287
 209
 219
 200
 164
 237
 164
 311
 105
 352
 174
 206
 158
 137
 241
 488
 262
 405
 210
 322
 184
 329
 213
 415
 141
 382
 337
 238
 278
 248
 247
 208
 204
 205
 173
 237
 151
 251
 260
 194
 272
 149
 190
 405
 200
 367
 209
 324
 236
 339
 221
 373
 210
 367
 163
 270
 193
 261
 223
 267
 262
 275
 292
 284
 315
 294
 247
 263
 251
 232
 328
 505
 291
 438
 302
 355
 282
 367
 235
 441
 343
 409
 269
 170
 301
 213
 235
 195
 186
 233
 197
 302
 134
 330
 191
 201
 174
 133
 199
 495
 244
 410
 211
 325
 185
 329
 235
 406
 175
 391
 332
 232
 275
 247
 249
 211
 202
 211
 167
 240
 145
 241
 249
 191
 264
 142
 185
 401
 196
 369
 201
 335
 231
 344
 220
 383
 207
 385
 165
 281
 191
 270
 217
 271
 260
 278
 288
 289
 313
 300
 244
 270
 251
 237
 358
 509
 295
 448
 277
 349
 246
 356
 183
 418
 282
 432
 234
 174
 272
 217
 208
 191
 163
 225
 184
 297
 120
 319
 167
 196
 147
 128
 174
 500
 222
 414
 222
 329
 189
 327
 257
 389
 210
 421
 341
 239
 284
 251
 257
 212
 207
 218
 163
 246
 136
 240
 246
 191
 260
 138
 185
 388
 196
 360
 202
 332
 233
 334
 224
 377
 208
 400
 163
 282
 192
 270
 216
 262
 263
 269
 286
 286
 315
 299
 247
 265
 257
 238
 374
 509
 285
 432
 247
 341
 210
 348
 136
 397
 220
 469
 201
 182
 242
 220
 179
 189
 140
 223
 162
 297
 103
 326
 141
 195
 116
 129
 154
 498
 200
 418
 228
 336
 199
 331
 268
 377
 244
 452
 352
 255
 292
 256
 258
 214
 208
 227
 156
 257
 125
 251
 248
 192
 257
 140
 190
 373
 199
 352
 207
 322
 240
 325
 234
 367
 213
 416
 156
 277
 195
 267
 221
 255
 270
 262
 290
 282
 322
 296
 255
 254
 265
 222
 385
 503
 277
 425
 228
 333
 191
 341
 116
 393
 155
 496
 183
 191
 224
 223
 163
 190
 130
 228
 149
 304
  95
 341
 127
 200
  93
 135
 138
 484
 192
 425
 229
 347
 219
 346
 272
 386
 277
 470
 358
 275
 296
 267
 255
 222
 202
 238
 149
 273
 120
 272
 247
 204
 257
 153
 191
 350
 202
 344
 207
 312
 240
 315
 237
 350
 213
 422
 153
 267
 193
 256
 224
 245
 273
 253
 290
 275
 325
 287
 258
 243
 267
 216
 394
 478
 279
 424
 226
 319
 194
 330
 124
 395
 115
 501
 182
 189
 223
 214
 163
 182
 136
 231
 152
 308
  98
 341
 127
 199
  84
 137
 130
 446
 197
 428
 226
 346
 219
 345
 272
 403
 288
 476
 353
 272
 294
 267
 251
 222
 195
 235
 146
 278
 125
 279
 243
 207
 261
 161
 186
 331
 201
 340
 202
 306
 234
 307
 233
 338
 206
 416
 161
 256
 186
 243
 219
 234
 269
 243
 283
 268
 316
 277
 250
 242
 263
 221
 393
 442
 281
 429
 241
 311
 210
 325
 143
 401
 123
 497
 195
 181
 236
 204
 178
 176
 154
 233
 168
 311
 111
 328
 140
 196
  85
 140
 139
 416
 206
 426
 222
 339
 207
 334
 261
 399
 278
 476
 343
 253
 288
 260
 248
 215
 190
 225
 148
 275
 135
 264
 240
 202
 263
 162
 184
 335
 201
 346
 199
 307
 232
 307
 229
 345
 199
 407
 171
 251
 184
 241
 214
 232
 265
 243
 277
 271
 306
 274
 246
 247
 261
 230
 377
 407
 274
 424
 269
 310
 234
 326
 170
 401
 182
 496
 219
 166
 263
 192
 205
 170
 177
 224
 190
 305
 132
 296
 165
 189
 101
 142
 152
 393
 222
 419
 217
 330
 194
 325
 242
 391
 251
 476
 331
 231
 281
 249
 245
 206
 186
 216
 150
 269
 147
 237
 236
 194
 264
 161
 185
 355
 202
 359
 199
 312
 234
 314
 225
 361
 194
 400
 179
 251
 185
 247
 212
 237
 264
 250
 275
 279
 299
 278
 247
 253
 261
 239
 358
 380
 275
 409
 291
 311
 256
 328
 206
 403
 266
 497
 243
 152
 290
 181
 231
 163
 196
 209
 208
 294
 148
 263
 189
 179
 119
 140
 171
 384
 239
 397
 215
 328
 187
 326
 222
 392
 218
 481
 323
 218
 275
 241
 243
 200
 186
 210
 154
 263
 167
 233
 236
 192
 264
 157
 189
 381
 205
 370
 201
 316
 235
 322
 222
 373
 191
 395
 183
 255
 188
 255
 211
 243
 264
 258
 274
 288
 295
 285
 248
 258
 260
 244
 347
 375
 281
 387
 291
 310
 268
 327
 254
 417
 343
 497
 255
 146
 306
 177
 244
 157
 204
 197
 211
 283
 148
 246
 202
 172
 131
 141
 197
 387
 254
 369
 218
 326
 184
 328
 202
 395
 185
 486
 319
 214
 271
 236
 243
 196
 188
 203
 159
 260
 172
 216
 239
 191
 266
 152
 196
 400
 210
 371
 207
 312
 237
 324
 218
 365
 192
 383
 183
 257
 189
 253
 213
 240
 267
 257
 277
 287
 295
 288
 247
 254
 256
 238
 298
 407
 201
 363
 255
 307
 251
 328
 281
 426
 365
 498
 236
 145
 291
 181
 226
 155
 182
 192
 183
 276
 117
 245
 183
 167
 113
 139
 233
 405
 268
 354
 228
 322
 186
 330
 187
 400
 158
 486
 320
 218
 271
 237
 246
 197
 192
 197
 167
 249
 180
 249
 245
 191
 272
 151
 202
 410
 214
 363
 212
 304
 238
 317
 216
 349
 194
 365
 179
 255
 190
 247
 217
 234
 270
 251
 281
 281
 298
 287
 245
 246
 252
 228
 241
 452
 168
 349
 231
 308
 242
 338
 291
 420
 380
 495
 226
 156
 285
 197
 217
 164
 170
 200
 165
 280
  97
 259
 174
 172
 107
 142
 281
 438
 284
 365
 247
 321
 196
 333
 185
 406
 149
 478
 328
 233
 281
 250
 256
 205
 201
 196
 184
 243
 201
 315
 260
 198
 286
 160
 209
 416
 218
 356
 216
 299
 240
 311
 217
 340
 198
 347
 176
 252
 192
 243
 221
 230
 271
 245
 284
 275
 301
 283
 245
 241
 250
 222
 169
 481
 162
 364
 218
 323
 230
 356
 281
 431
 394
 488
 216
 175
 276
 222
 206
 182
 158
 216
 151
 294
  83
 279
 164
 187
 100
 150
 315
 467
 293
 378
 252
 332
 202
 345
 195
 414
 148
 452
 330
 248
 287
 266
 261
 215
 210
 204
 196
 245
 217
 359
 272
 209
 296
 171
 213
 419
 220
 351
 217
 297
 241
 306
 222
 339
 203
 331
 174
 246
 195
 241
 225
 228
 272
 241
 287
 270
 303
 276
 246
 238
 249
 219
 132
 495
 168
 400
 227
 327
 231
 357
 283
 438
 388
 455
 219
 178
 279
 228
 208
 184
 160
 217
 155
 292
  90
 276
 167
 186
 109
 142
 325
 472
 291
 376
 245
 334
 201
 346
 195
 426
 149
 419
 328
 247
 289
 267
 262
 218
 212
 204
 196
 239
 222
 361
 274
 207
 297
 166
 216
 421
 221
 353
 218
 300
 243
 307
 228
 345
 210
 323
 174
 243
 197
 243
 226
 229
 272
 239
 289
 267
 303
 270
 245
 236
 247
 217
 151
 501
 182
 410
 244
 333
 239
 359
 280
 448
 369
 428
 230
 186
 287
 235
 219
 188
 172
 219
 171
 293
 109
 274
 178
 189
 125
 137
 318
 475
 276
 380
 235
 335
 194
 345
 215
 422
 151
 403
 326
 248
 289
 271
 262
 228
 208
 208
 186
 241
 217
 345
 270
 210
 290
 162
 214
 421
 219
 358
 216
 306
 244
 312
 233
 354
 217
 323
 176
 245
 195
 248
 224
 233
 270
 239
 287
 266
 301
 268
 243
 235
 245
 217
 197
 517
 195
 403
 256
 324
 240
 344
 258
 439
 356
 404
 233
 180
 285
 223
 224
 174
 179
 204
 182
 277
 121
 261
 184
 176
 136
 120
 298
 476
 255
 390
 227
 335
 186
 343
 214
 415
 155
 399
 323
 252
 289
 277
 259
 238
 202
 213
 170
 249
 205
 319
 262
 212
 280
 161
 206
 419
 211
 365
 210
 316
 241
 320
 236
 367
 225
 334
 179
 255
 187
 257
 215
 239
 265
 242
 281
 269
 298
 274
 241
 239
 241
 219
 276
 525
 243
 435
 281
 326
 257
 338
 222
 428
 331
 395
 248
 181
 297
 220
 246
 170
 202
 198
 210
 272
 147
 262
 205
 174
 163
 112
 276
 477
 234
 403
 222
 335
 181
 341
 196
 411
 163
 400
 324
 257
 291
 285
 255
 240
 197
 213
 154
 261
 194
 287
 255
 214
 272
 161
